20220711_174239,2.4448246153640165e-05,0.01130771916359663,0.0,-6.601899207035536e-06,-1.0195541e-06,0.0028352660592645407,0.0018642664654180408
20220711_174239,0.05225011334122852,0.1290934830904007,0.00024131129612214863,0.021448667191726802,0.0046892227,0.0929664596915245,0.1268041729927063
20220711_174239,0.0637308582473225,0.15999768674373627,0.00018713119789026678,0.028985898484735134,-0.009417119,0.1005459725856781,0.12410731613636017
20220711_174239,0.07120646879908973,0.21852344274520874,0.0002854492631740868,0.026916127697391153,-0.023979684,0.1237119808793068,0.10796084254980087
20220711_174240,0.0751983285977667,0.2595476806163788,0.00020587572362273932,0.02806760336631818,-0.031167917,0.1405678689479828,0.12153691798448563
20220711_174240,0.07792525909514668,0.28007519245147705,4.072132651344873e-05,0.027985390102797353,-0.03649,0.1424170583486557,0.1176852136850357
20220711_174240,0.07654811054454998,0.27642175555229187,0.00011544545122887939,0.02240236622407128,-0.039690062,0.1423797607421875,0.1091889888048172
20220711_174240,0.07324646315348184,0.2801406681537628,0.00018410789198242128,0.019443111240365032,-0.03833999,0.1323705017566681,0.10125882923603058
20220711_174240,0.07031270306331366,0.27974027395248413,0.00013318820856511593,0.01594403620717276,-0.03673932,0.13148999214172363,0.10966373980045319
20220711_174241,0.06871687413642133,0.2751913368701935,8.09085977380164e-05,0.01340377910523878,-0.036852896,0.12259615957736969,0.11395673453807831
20220711_174241,0.06642171101802036,0.2706230580806732,2.3764136130921543e-05,0.009306146691056548,-0.034373716,0.11311749368906021,0.11181788891553879
20220711_174241,0.06870508647584939,0.27498719096183777,3.9692029531579465e-05,0.007846512456210151,-0.031399243,0.11201097816228867,0.11888441443443298
20220711_174241,0.0716873704194332,0.2820880115032196,6.35246469755657e-05,0.005361393121566191,-0.03341539,0.10309062898159027,0.11573523283004761
20220711_174241,0.07307029602575056,0.285833477973938,5.52925921510905e-05,0.0027071830491555795,-0.034990035,0.09711592644453049,0.106066033244133
20220711_174241,0.07435950483534783,0.28907936811447144,3.638280395534821e-05,0.0016815778609044118,-0.03686327,0.1017911434173584,0.10613370686769485
20220711_174242,0.07346190712764374,0.27930498123168945,8.831144077703357e-05,0.0018235942289567407,-0.03711519,0.10436145216226578,0.10300792008638382
20220711_174242,0.07174018174407504,0.27303242683410645,3.921073584933765e-05,0.0025396201997607043,-0.03660453,0.10419967025518417,0.10283280164003372
20220711_174242,0.07148777604628057,0.2761877179145813,6.500729796243832e-05,0.0024598229657841965,-0.035634708,0.10451025515794754,0.10412190109491348
20220711_174242,0.07135382852449282,0.2769503891468048,0.00010760084114735946,0.001330387898100314,-0.035486657,0.1014578565955162,0.10960479080677032
20220711_174242,0.07088772537930599,0.27819451689720154,0.00010129473230335861,-0.0003804159836525526,-0.036682863,0.09710340946912766,0.1069725826382637
20220711_174242,0.07016852619221434,0.27566567063331604,7.20505413482897e-05,-0.0030572153043827285,-0.037481334,0.09582442790269852,0.10517893731594086
20220711_174242,0.06891992850111878,0.27579909563064575,1.5547937437077053e-05,-0.004896504374740724,-0.037348513,0.09616446495056152,0.10289490967988968
20220711_174243,0.06831745897829689,0.27439793944358826,3.474269396974705e-05,-0.006785950951685124,-0.03793943,0.09295232594013214,0.10117246210575104
20220711_174243,0.06849413873267281,0.2799527943134308,7.465283124474809e-05,-0.007866086158899001,-0.038959213,0.09585222601890564,0.1000952273607254
20220711_174243,0.06869119241531428,0.28090453147888184,7.334069960052148e-05,-0.008946210581612726,-0.039806977,0.09511692076921463,0.09853225201368332
20220711_174243,0.06819588118052444,0.2776969373226166,6.138539174571633e-05,-0.009622534094742277,-0.03898178,0.09946244955062866,0.09850475937128067
20220711_174243,0.06805711719679625,0.27947890758514404,8.517035166732967e-05,-0.009274623828230773,-0.039087154,0.10401346534490585,0.10070717334747314
20220711_174243,0.06807689865557047,0.2825046479701996,5.9023863286711276e-05,-0.008208710268435873,-0.04004457,0.10794111341238022,0.10410095006227493
20220711_174243,0.06816207747632852,0.28343403339385986,6.32687151664868e-05,-0.007523424584094543,-0.04131485,0.10979640483856201,0.10597731918096542
20220711_174244,0.06896672727901719,0.2856040596961975,4.7976245696190745e-05,-0.008311920046202258,-0.0430606,0.10829216986894608,0.10136417299509048
20220711_174244,0.0694876367424319,0.28489693999290466,3.959503010264598e-05,-0.00993700631493736,-0.04407648,0.10678951442241669,0.0996207669377327
20220711_174244,0.06909381115778626,0.28296440839767456,3.071032551815733e-05,-0.010486095206004763,-0.043394275,0.10664520412683487,0.0999731719493866
20220711_174244,0.06920827590027274,0.2849093973636627,0.0001752981188474223,-0.011197371695876856,-0.043138634,0.10568903386592865,0.09973198920488358
20220711_174244,0.06864120148114729,0.28497856855392456,5.097486064187251e-05,-0.011598441940001127,-0.04231478,0.10416918247938156,0.10350335389375687
20220711_174244,0.06871866287775005,0.2848483622074127,0.00011886803258676082,-0.012076090453671563,-0.041070405,0.1025613471865654,0.10384315997362137
20220711_174244,0.06931106427237006,0.2849211096763611,1.8953778635477647e-05,-0.011603410083265485,-0.04073921,0.10385020077228546,0.10775228589773178
20220711_174244,0.0695371621827455,0.2859741151332855,0.00010523774835746735,-0.011831412692427537,-0.040401634,0.1037040576338768,0.10807010531425476
20220711_174245,0.07005597238139516,0.2900238335132599,7.503242522943765e-05,-0.01232381292368438,-0.039877754,0.10215310752391815,0.10966896265745163
20220711_174245,0.0708585273398983,0.29090774059295654,3.836487667285837e-05,-0.012979751949672203,-0.039276373,0.0996108278632164,0.10915882885456085
20220711_174245,0.07118801534388458,0.28972238302230835,4.275653191143647e-05,-0.014072537031102575,-0.03783744,0.096342533826828,0.11001551151275635
20220711_174245,0.07138429364810064,0.2906813621520996,9.360712283523753e-05,-0.014802796644538688,-0.037249777,0.09484771639108658,0.11012507230043411
20220711_174245,0.07160240695957981,0.2908993661403656,7.306473708013073e-05,-0.015827467879764086,-0.0368489,0.09317005425691605,0.1103166714310646
20220711_174245,0.07196260173140422,0.2923036217689514,0.00017073648632504046,-0.016842331453001316,-0.036648836,0.09343702346086502,0.11108811944723129
20220711_174245,0.07209094551628378,0.292702853679657,2.7716952899936587e-05,-0.017771270200228638,-0.036658317,0.09138377755880356,0.11015969514846802
20220711_174246,0.07191513570259714,0.29355111718177795,9.259763464797288e-05,-0.018426347798802718,-0.03619792,0.09188830107450485,0.1105165109038353
20220711_174246,0.07214722106023273,0.29329171776771545,5.652287291013636e-05,-0.018675516952359642,-0.03552439,0.09144685417413712,0.1127762719988823
20220711_174246,0.07213900540065327,0.2926942706108093,0.00010011095582740381,-0.018874447429885668,-0.03486675,0.09156585484743118,0.11412404477596283
20220711_174246,0.07210594433346265,0.29405003786087036,8.918436651583761e-05,-0.018570477894774694,-0.03416484,0.09218163788318634,0.11641668528318405
20220711_174246,0.0719892505165304,0.29497063159942627,5.571627843892202e-05,-0.017979989132647676,-0.033664886,0.09347851574420929,0.11768950521945953
20220711_174246,0.07178496606652986,0.29623475670814514,8.960175182437524e-05,-0.017604062201361067,-0.034008298,0.09383496642112732,0.11738253384828568
20220711_174246,0.07177863039424338,0.2983922064304352,3.844697494059801e-05,-0.0176205444768407,-0.03496326,0.09398892521858215,0.11603301018476486
20220711_174247,0.07177800043490964,0.3004935681819916,2.3800508643034846e-05,-0.01811472025072755,-0.036374617,0.09415286034345627,0.11472605168819427
20220711_174247,0.07155493878764747,0.30072638392448425,5.662489638780244e-05,-0.018266699840650935,-0.03715795,0.09446830302476883,0.11325600743293762
20220711_174247,0.0718408252153438,0.3013758361339569,0.00010454512084834278,-0.018014790147349954,-0.037515767,0.09538313001394272,0.11224184185266495
20220711_174247,0.0723527045239205,0.30252960324287415,4.2664083593990654e-05,-0.017748382225753635,-0.038220167,0.09596263617277145,0.11199324578046799
20220711_174247,0.07265968907161804,0.3026794195175171,0.00011217389692319557,-0.017457042396789288,-0.038246807,0.09722007811069489,0.11225844919681549
20220711_174247,0.07314292238294924,0.3029686510562897,0.00013345973275136203,-0.01723902534852596,-0.038184866,0.0966816395521164,0.11392083019018173
20220711_174248,0.0734225072376393,0.30360421538352966,6.0014503105776384e-05,-0.017257956519215408,-0.038291894,0.09658868610858917,0.1131235659122467
20220711_174248,0.07371268678197608,0.3047477900981903,7.769832882331684e-05,-0.017394378943887404,-0.03860669,0.09608269482851028,0.1120607852935791
20220711_174248,0.07380882530493835,0.30520620942115784,6.137564923847094e-05,-0.01736017676084818,-0.038676906,0.09563379734754562,0.11197803169488907
20220711_174248,0.07391661358886598,0.30541595816612244,0.00011201974848518148,-0.01757714833153855,-0.03875639,0.09541763365268707,0.11150069534778595
20220711_174248,0.07414820030670186,0.3065873980522156,0.0001237908873008564,-0.01824695893545702,-0.039026286,0.09463205933570862,0.1110292598605156
20220711_174248,0.07446122331117258,0.3083563446998596,0.00011064408317906782,-0.018672249581443853,-0.03912092,0.09433922171592712,0.11071676015853882
20220711_174248,0.07473584230560874,0.3096897006034851,0.00010770804510684684,-0.0187559822346824,-0.039365217,0.094305619597435,0.10980451107025146
20220711_174249,0.07500854595765975,0.31060150265693665,8.347322727786377e-05,-0.018984297057755558,-0.03980406,0.09416097402572632,0.1095181405544281
20220711_174249,0.07520996746737442,0.3116787374019623,0.00021526162163354456,-0.01920751059099559,-0.04003736,0.09413330256938934,0.10868725180625916
20220711_174249,0.07533588911085416,0.3121156096458435,7.19776944606565e-05,-0.01953451713937477,-0.04033373,0.09426234662532806,0.10941645503044128
20220711_174249,0.07543270167707435,0.31261974573135376,0.00011584557068999857,-0.01976735800028669,-0.040368184,0.09388117492198944,0.10984643548727036
20220711_174249,0.0754414399519382,0.31306034326553345,5.7614222896518186e-05,-0.01979818170515142,-0.040325876,0.09405625611543655,0.11032558977603912
20220711_174249,0.07554241935309289,0.31335052847862244,6.994981231400743e-05,-0.019776054632283626,-0.04051074,0.09398526698350906,0.11026543378829956
20220711_174249,0.07550880217350937,0.31370458006858826,1.0544042197579984e-05,-0.019746794876826627,-0.040325224,0.09432270377874374,0.11116310209035873
20220711_174249,0.07571880008354231,0.31452739238739014,0.00011975999950664118,-0.019688006188079022,-0.040403575,0.09496968239545822,0.1119365394115448
20220711_174250,0.07578048391353831,0.31510964035987854,8.625810733065009e-05,-0.01999107646631698,-0.04041365,0.09548293054103851,0.11211103945970535
20220711_174250,0.07641821063250968,0.3155522048473358,0.000177244350197725,-0.020015531334939343,-0.04006413,0.09490002691745758,0.11146333068609238
20220711_174250,0.07678040104308911,0.31529101729393005,4.226357850711793e-05,-0.01980602936656876,-0.03959508,0.09370574355125427,0.11163417249917984
20220711_174251,0.07718817250190672,0.3163157105445862,7.792963879182935e-05,-0.020168068680345715,-0.039542556,0.09317918866872787,0.11251409351825714
20220711_174251,0.07732210996542932,0.31679707765579224,8.393522148253396e-05,-0.020904396907623916,-0.039632414,0.09340833127498627,0.11149564385414124
20220711_174251,0.07726828813463979,0.31643420457839966,0.0001530889858258888,-0.021354594275160035,-0.03957895,0.09317455440759659,0.11244429647922516
20220711_174251,0.07805028003986579,0.31865784525871277,9.235604375135154e-05,-0.02175927712084158,-0.03970406,0.09277987480163574,0.1116875633597374
20220711_174251,0.07865410789731986,0.3195863366127014,7.605778228025883e-05,-0.022407987071377474,-0.040296223,0.09221518039703369,0.11019861698150635
20220711_174251,0.0788907440979377,0.32005032896995544,7.146391726564616e-05,-0.023348354055435394,-0.040731326,0.09131404012441635,0.10932379961013794
20220711_174252,0.07920833909405393,0.32064753770828247,6.258986832108349e-05,-0.023476034884624755,-0.04052355,0.09043163806200027,0.1110563650727272
20220711_174252,0.07913084723030091,0.32057222723960876,0.00013332368689589202,-0.023315755518716095,-0.04019545,0.08999162167310715,0.11094973236322403
20220711_174252,0.0797631609946334,0.3213389813899994,8.066473674261943e-05,-0.023263972667464997,-0.039886713,0.08877532929182053,0.11166606843471527
20220711_174252,0.0796727596803352,0.3214666545391083,4.102990942556062e-07,-0.02324855607446184,-0.039978348,0.08893807232379913,0.1113850474357605
20220711_174252,0.07972217322887305,0.3221394121646881,0.00015000558050815016,-0.023064249590497937,-0.039583433,0.08915284276008606,0.11218184232711792
20220711_174253,0.0796724490008576,0.32247382402420044,8.719889592612162e-05,-0.022565959682270084,-0.03931571,0.08954852819442749,0.11331944167613983
20220711_174253,0.0796925878093331,0.32255151867866516,0.00013551852316595614,-0.022023215557979835,-0.039403398,0.09072185307741165,0.11352550983428955
20220711_174253,0.07956666518049861,0.3224664330482483,8.708771201781929e-05,-0.022421017095191474,-0.039686747,0.09037619829177856,0.11261194199323654
20220711_174253,0.07923207479040592,0.32258203625679016,7.483029912691563e-05,-0.022707081293891426,-0.039873775,0.09102793782949448,0.11189352720975876
20220711_174253,0.07889691510045521,0.3223528265953064,9.280472295358777e-05,-0.022740992126175266,-0.040078036,0.09138363599777222,0.1116093322634697
20220711_174253,0.07876958391063833,0.322009801864624,7.536523480666801e-05,-0.022202961329018354,-0.039767556,0.09276270121335983,0.11132954061031342
20220711_174253,0.07833946563536988,0.3216421902179718,5.986525138723664e-05,-0.021938793629812905,-0.03954006,0.09359532594680786,0.11090391129255295
20220711_174254,0.07791257326601587,0.32037535309791565,0.0001553971815155819,-0.021540841465988277,-0.03920668,0.09478381276130676,0.11105665564537048
20220711_174254,0.07808478123077332,0.3206366002559662,6.663774547632784e-05,-0.02156959658749734,-0.039401416,0.09492085874080658,0.11029432713985443
20220711_174254,0.07811303933090845,0.3206561207771301,3.658629793790169e-05,-0.021659130511492517,-0.03945863,0.09470778703689575,0.1087489128112793
20220711_174254,0.07857982829239678,0.32097434997558594,6.375898374244571e-05,-0.021689901218549867,-0.039474573,0.0942041426897049,0.10849267244338989
20220711_174254,0.07887133940151025,0.321005254983902,6.99945303495042e-05,-0.021675903782276348,-0.03969259,0.09435836970806122,0.10810557007789612
20220711_174254,0.07884986628305078,0.32075777649879456,0.00010153428593184799,-0.021521053500004286,-0.039626785,0.09414158016443253,0.10804422199726105
20220711_174255,0.07848625552629723,0.3203585147857666,0.0001315262052230537,-0.021456572476703704,-0.039217133,0.09432470053434372,0.10803155601024628
20220711_174255,0.07870913051987814,0.31928306818008423,0.00010270117491018027,-0.021447338661008626,-0.038455322,0.09345857799053192,0.1090940609574318
20220711_174255,0.0792670774423809,0.32000136375427246,9.560718899592757e-05,-0.021533318119280657,-0.037936278,0.09168502688407898,0.10950100421905518
20220711_174255,0.07977002541667375,0.3205043375492096,0.00014744808140676469,-0.02152237305611835,-0.03811117,0.0919177383184433,0.10964203625917435
20220711_174255,0.07977658285899393,0.32058024406433105,7.790839299559593e-05,-0.021521865877564297,-0.038067456,0.09253937005996704,0.11070620268583298
20220711_174255,0.08059648841147656,0.32121169567108154,8.185087062884122e-05,-0.021496464337646213,-0.037317064,0.09175964444875717,0.11102370172739029
20220711_174256,0.0811019474733661,0.32213935256004333,0.0001113582038669847,-0.021334074612734705,-0.0369867,0.09235179424285889,0.11253689229488373
20220711_174256,0.08078305743944801,0.32248538732528687,1.5973149857018143e-05,-0.021086100930070142,-0.037067473,0.0923168882727623,0.11204618215560913
20220711_174256,0.08052841751053186,0.3228960931301117,0.00012775369395967573,-0.020962516513453204,-0.03709058,0.09295248985290527,0.11226511001586914
20220711_174256,0.08012766346743738,0.32261067628860474,6.715217750752345e-05,-0.020971321735909085,-0.037198894,0.09292589873075485,0.11166781932115555
20220711_174256,0.08002528788638223,0.3226388990879059,0.00011963051656493917,-0.02108505971089026,-0.03723319,0.09237594157457352,0.11145529896020889
20220711_174256,0.07990661677703162,0.32295432686805725,0.00015318371879402548,-0.021361278839202046,-0.0373826,0.09190855920314789,0.11097781360149384
20220711_174256,0.07989286450714103,0.32351794838905334,9.911336383083835e-05,-0.021602589948717388,-0.03761947,0.09156812727451324,0.11100496351718903
20220711_174257,0.07970463857956395,0.3233596086502075,0.00012878002598881721,-0.021677878309102238,-0.037758976,0.09175126999616623,0.11075747758150101
20220711_174257,0.07960667999830869,0.3229285776615143,8.141389116644859e-05,-0.02181597259285387,-0.03813676,0.09148100763559341,0.11062688380479813
20220711_174257,0.079507270638644,0.3227170705795288,4.906464891973883e-05,-0.02190302225840617,-0.038399942,0.09137500077486038,0.110137939453125
20220711_174257,0.0793641480216843,0.32271909713745117,8.058606908889487e-05,-0.02181632827460083,-0.03858196,0.09124763309955597,0.11042170971632004
20220711_174257,0.07929780946044912,0.3229135572910309,5.490132389240898e-05,-0.02187529989355188,-0.038917966,0.09117511659860611,0.10999152809381485
20220711_174257,0.07930622017435725,0.3231050670146942,1.3469627447193488e-05,-0.021874465094222993,-0.039286904,0.09160839021205902,0.10964414477348328
20220711_174258,0.07916738541391312,0.3232114911079407,1.8643377188709565e-05,-0.021707142209228977,-0.039357424,0.0919610857963562,0.11006472259759903
20220711_174258,0.07911886471071806,0.32263413071632385,0.00011905355495400727,-0.02145009688315572,-0.039459784,0.09187007695436478,0.11055763810873032
20220711_174258,0.07919701764937499,0.32321858406066895,6.236613262444735e-05,-0.021437525235923908,-0.03972197,0.09211419522762299,0.11067895591259003
20220711_174258,0.07920326064609827,0.3239797353744507,0.00018352676124777645,-0.021459707714779168,-0.03998826,0.09244915097951889,0.11010508984327316
20220711_174258,0.07912841484720262,0.3242212235927582,8.760699711274356e-05,-0.021453628983639256,-0.040153556,0.09269269555807114,0.10969559103250504
20220711_174258,0.07924773057648361,0.32482635974884033,0.00017960142577067018,-0.02153394838074096,-0.0406289,0.09301571547985077,0.10918919742107391
20220711_174259,0.07946750083766833,0.3261451721191406,5.060707189841196e-05,-0.021650030259759465,-0.041789312,0.09287791699171066,0.10807383805513382
20220711_174259,0.07943974475981375,0.32625946402549744,9.255418262910098e-05,-0.021733209011222276,-0.042002622,0.09235276281833649,0.10732132941484451
20220711_174259,0.0793693679730163,0.3256305158138275,9.256244084099308e-05,-0.021876983654617276,-0.041815653,0.09201928973197937,0.1071828231215477
20220711_174259,0.0794000407481601,0.32562509179115295,7.390798418782651e-05,-0.021993542546796703,-0.041978747,0.09188274294137955,0.10691462457180023
20220711_174259,0.07935598464897661,0.3254777789115906,0.00011273634299868718,-0.02220525616495947,-0.04222253,0.09185890853404999,0.10637980699539185
20220711_174259,0.07930453336542918,0.3259184956550598,9.873189992504194e-05,-0.02225001598159944,-0.042440336,0.09199758619070053,0.10575175285339355
20220711_174259,0.07915026284427659,0.3255288302898407,7.212906348286197e-05,-0.02218141849405506,-0.042240884,0.09176567941904068,0.10569771379232407
20220711_174300,0.07895611181153162,0.3250969648361206,6.33068848401308e-05,-0.0221155313359081,-0.04186078,0.0924769714474678,0.105410136282444
20220711_174300,0.07884576555691904,0.3247974216938019,0.00010381895845057443,-0.022082511813289518,-0.04174617,0.09255862981081009,0.10493874549865723
20220711_174300,0.07883996889407643,0.3252030313014984,5.551375579671003e-05,-0.022157260908502226,-0.042249214,0.09236186742782593,0.10423137992620468
20220711_174300,0.07893004856689186,0.3254528045654297,8.618100400781259e-05,-0.022405035807360033,-0.04229855,0.09192172437906265,0.1038142666220665
20220711_174300,0.07875815078606943,0.32435598969459534,6.06427711318247e-05,-0.02263945233142735,-0.041907188,0.09254307299852371,0.10409265011548996
20220711_174300,0.07845041974161868,0.3239199221134186,0.0001121091190725565,-0.02266547303868066,-0.041733325,0.09232717007398605,0.10379733890295029
20220711_174301,0.07841221568961272,0.32323363423347473,3.6176570574752986e-06,-0.022693253398797856,-0.04099279,0.0917569175362587,0.10385947674512863
20220711_174301,0.07869838851963651,0.3232056796550751,0.0001527887216070667,-0.022233760894796818,-0.040837903,0.09287147223949432,0.10426080226898193
20220711_174301,0.07846612323110733,0.3228698968887329,0.00013608427252620459,-0.021875114966848627,-0.040893245,0.09273909032344818,0.10396070778369904
20220711_174301,0.07818498337476097,0.32241904735565186,0.00015999175957404077,-0.0215167430631003,-0.040838346,0.09310285747051239,0.1047305315732956
20220711_174301,0.07803215511506358,0.32193416357040405,8.83458778844215e-05,-0.021263992815903295,-0.040644035,0.09308787435293198,0.10463836789131165
20220711_174301,0.07775200794487724,0.32121628522872925,3.3841857657535e-05,-0.02101944620418146,-0.040523842,0.09270317107439041,0.10555817186832428
20220711_174301,0.07755568647997221,0.3208465278148651,0.00015131855616346002,-0.020820929090207062,-0.04034678,0.0926743820309639,0.1055152639746666
20220711_174302,0.07737004757292379,0.3208818733692169,7.389296661131084e-05,-0.020676888140174817,-0.04034115,0.09306131303310394,0.10548511147499084
20220711_174302,0.07718600134761582,0.32015252113342285,0.00010183236736338586,-0.020548662139476963,-0.04027011,0.09280508011579514,0.10544442385435104
20220711_174302,0.07706912064462057,0.32010215520858765,7.906195969553664e-05,-0.020445692854651382,-0.040287584,0.09305927902460098,0.10590390115976334
20220711_174302,0.07702624724007734,0.3194583058357239,6.219530405360274e-06,-0.02019122233724089,-0.039963268,0.09371180832386017,0.10593221336603165
20220711_174302,0.07709273381114914,0.3197912275791168,8.12917496659793e-05,-0.01982618420652937,-0.03996752,0.09406879544258118,0.10587162524461746
20220711_174302,0.07693408260933417,0.3201577067375183,9.046927880262956e-05,-0.019603658874491555,-0.04027426,0.09454444795846939,0.10530029982328415
20220711_174303,0.07692801169593001,0.32047519087791443,3.0518949643010274e-05,-0.019396844598676827,-0.04041365,0.09480651468038559,0.10527665168046951
20220711_174303,0.07696332530288082,0.32048192620277405,6.752577610313892e-05,-0.019270426335366745,-0.040537138,0.09490111470222473,0.10488290339708328
20220711_174303,0.07719697193643282,0.3210079073905945,8.971989154815674e-05,-0.019224205802354285,-0.040597945,0.094691202044487,0.10554361343383789
20220711_174303,0.077473892484038,0.32132408022880554,0.00010526545520406216,-0.019387009911292535,-0.040527247,0.0940365344285965,0.10568524152040482
20220711_174303,0.07749413888445014,0.3212979733943939,4.6592085709562525e-05,-0.01962586236718014,-0.040504623,0.09353776276111603,0.1055484488606453
20220711_174303,0.07751856856268549,0.32126176357269287,0.00017974409274756908,-0.01979320821311502,-0.040439475,0.09305990487337112,0.1055108979344368
20220711_174303,0.0774888792042161,0.3211296498775482,0.00022428047668654472,-0.01990532956301327,-0.040336475,0.09291937202215195,0.10532445460557938
20220711_174304,0.07748975359314958,0.32136842608451843,0.000166186029673554,-0.02010693598021808,-0.040495526,0.09307912737131119,0.10533349961042404
20220711_174304,0.0775134779290508,0.3217286169528961,5.704893919755705e-05,-0.020230474052646073,-0.040739585,0.09292500466108322,0.10505268722772598
20220711_174304,0.07735907110440046,0.32155686616897583,4.8696339945308864e-05,-0.020087965703919037,-0.040915858,0.09338080883026123,0.1046285331249237
20220711_174304,0.07717047400384747,0.32149723172187805,4.954272662871517e-05,-0.020062142654255533,-0.040702313,0.09325247257947922,0.10473882406949997
20220711_174304,0.07702004110369083,0.32157713174819946,3.657345587271266e-05,-0.019920786797252017,-0.040353626,0.09360378235578537,0.10550514608621597
20220711_174304,0.07700174474551005,0.3217097818851471,0.0001338948350166902,-0.019467858594640317,-0.040198267,0.09445732831954956,0.1061752587556839
20220711_174305,0.07723991418861796,0.32256656885147095,8.342099317815155e-05,-0.018926947760975976,-0.040472478,0.09458757191896439,0.10702016204595566
20220711_174305,0.07717718413033944,0.32179737091064453,7.242044375743717e-05,-0.018534291000729158,-0.04014669,0.09451203793287277,0.10695894062519073
20220711_174305,0.07712502045595933,0.32186222076416016,7.459277640009532e-06,-0.01832255022208968,-0.04039019,0.0947994589805603,0.1059192344546318
20220711_174305,0.07714600012496543,0.3225060999393463,2.6105823053512722e-05,-0.018279465165625234,-0.0407542,0.095328688621521,0.1052304282784462
20220711_174305,0.0771492205878321,0.3224738538265228,6.998623575782403e-05,-0.01798296304668888,-0.0405963,0.09531237185001373,0.1057460829615593
20220711_174305,0.07747978961515792,0.32298216223716736,0.00011776691098930314,-0.017795331425055495,-0.040558532,0.09529658406972885,0.10608962178230286
20220711_174305,0.0776156556620314,0.32308128476142883,2.6250119844917208e-05,-0.017787036658873375,-0.04056121,0.09492576867341995,0.1063118502497673
20220711_174306,0.077622376494383,0.323478102684021,8.497291128151119e-05,-0.01762633823289874,-0.040867057,0.09507880359888077,0.10611852258443832
20220711_174306,0.07775407222141856,0.32469111680984497,5.655140193994157e-05,-0.017184072851500882,-0.04133553,0.09481517225503922,0.10569553822278976
20220711_174306,0.07800002560311822,0.32524213194847107,6.21684521320276e-05,-0.016875884004475764,-0.04155687,0.09501931816339493,0.10604768991470337
20220711_174306,0.07817719557264022,0.32582250237464905,6.607572868233547e-05,-0.016735531954332805,-0.04181605,0.09486482292413712,0.10546478629112244
20220711_174306,0.07852659016933479,0.3264692425727844,4.4227406760910526e-05,-0.016471515866680782,-0.04220531,0.09548375010490417,0.10554883629083633
20220711_174306,0.07867651290239482,0.32683154940605164,4.500785144045949e-05,-0.016440020406980324,-0.042719707,0.09515412151813507,0.10481356084346771
20220711_174307,0.07900493336556898,0.32787802815437317,8.647242793813348e-05,-0.016397397975252692,-0.043597415,0.09498856216669083,0.10468635708093643
20220711_174307,0.07897952307024887,0.328213095664978,7.23306366126053e-05,-0.01632924065019715,-0.04358462,0.09491430968046188,0.1050102561712265
20220711_174307,0.07902005201337756,0.3284747898578644,3.861272125504911e-05,-0.01609051829420068,-0.043658674,0.09567616879940033,0.10418223589658737
20220711_174307,0.07915014311213531,0.329012930393219,4.378307130536996e-05,-0.01605364383587794,-0.04431972,0.09596934169530869,0.10344972461462021
20220711_174307,0.0793100654352684,0.3295145630836487,4.7308214561780915e-05,-0.01597370230553047,-0.04461721,0.09632759541273117,0.10268747806549072
20220711_174307,0.0794333805830835,0.32967254519462585,0.00013773499813396484,-0.015868408479224688,-0.04472659,0.09613396972417831,0.10254599899053574
20220711_174308,0.07945946172497517,0.3300197720527649,5.1867871661670506e-05,-0.01561377345428606,-0.044638492,0.09644076973199844,0.10282839834690094
20220711_174308,0.0795144655557906,0.33063894510269165,3.886921695084311e-05,-0.0154252617757936,-0.045224484,0.096389539539814,0.10174570232629776
20220711_174308,0.0796304739782035,0.33138275146484375,0.00014025233394932002,-0.015466865638827812,-0.045970183,0.0963975042104721,0.10096252709627151
20220711_174308,0.07961129929477123,0.33125877380371094,5.780801802757196e-05,-0.015245921197153456,-0.046085093,0.09717269986867905,0.10117098689079285
20220711_174308,0.07958303046610345,0.3306630849838257,1.4138322512735613e-05,-0.015143105879932384,-0.046289116,0.09712470322847366,0.10067152976989746
20220711_174308,0.07943424038344385,0.33039623498916626,5.882145342184231e-05,-0.015157955525619046,-0.04580963,0.09640510380268097,0.10107330232858658
20220711_174309,0.07928122807945044,0.3299870491027832,0.00010671044583432376,-0.015161546346094516,-0.045801613,0.09663450717926025,0.10055068880319595
20220711_174309,0.07934934257117014,0.33037903904914856,0.00015063091996125877,-0.015112543587960582,-0.046262313,0.09686285257339478,0.10025026649236679
20220711_174309,0.07926963943037443,0.3300418257713318,6.043522807885893e-05,-0.015213046296174945,-0.046113018,0.09666741639375687,0.10040076076984406
20220711_174309,0.07942714195095986,0.33042389154434204,8.034119673538953e-05,-0.015295554740949572,-0.046447556,0.0968909040093422,0.10010215640068054
20220711_174309,0.07965568848037914,0.3309478759765625,0.00011119124974356964,-0.015572270571170393,-0.046930395,0.09664639085531235,0.0994018018245697
20220711_174310,0.07996648512250579,0.3319782018661499,0.00010496121103642508,-0.01591088734991706,-0.047710516,0.09636208415031433,0.0985085517168045
20220711_174310,0.08016166904990804,0.3326050043106079,8.743529178900644e-05,-0.016192800484635145,-0.048145182,0.0959378257393837,0.09769843518733978
20220711_174310,0.0801029168217413,0.3324502408504486,0.00012974663695786148,-0.016249014762062346,-0.04774019,0.09600536525249481,0.09767617285251617
20220711_174310,0.08018633405989767,0.33266034722328186,6.796312663936988e-05,-0.016361712322036554,-0.047573972,0.09595739096403122,0.09796182811260223
20220711_174310,0.08049381125638641,0.3337754011154175,0.00015870819333940744,-0.016521169523152524,-0.04827689,0.09569061547517776,0.09709548205137253
20220711_174310,0.08077943001789681,0.33380815386772156,0.0001157002043328248,-0.0164373711335319,-0.048507657,0.09559491276741028,0.09720256924629211
20220711_174310,0.08083309090023724,0.3334294259548187,5.121840149513446e-05,-0.01620220010064735,-0.04840102,0.0954630970954895,0.09692483395338058
20220711_174311,0.08079668601147974,0.3331048786640167,7.764293695800006e-05,-0.0159581480519224,-0.048282553,0.09576589614152908,0.09690723568201065
20220711_174311,0.0808154138642834,0.3332322835922241,8.773130684858188e-05,-0.015873722345826673,-0.0484648,0.09636970609426498,0.0965234786272049
20220711_174311,0.08091381606143612,0.3338145613670349,7.7958800829947e-05,-0.015926675171439888,-0.048655376,0.09684278815984726,0.09661824256181717
20220711_174311,0.08083618984409917,0.3341127634048462,4.8992238589562476e-05,-0.015617815007579536,-0.04858992,0.09774910658597946,0.09654099494218826
20220711_174311,0.08058898741638794,0.3340427577495575,4.604467540048063e-05,-0.015438120591857618,-0.04831439,0.09799862653017044,0.09702926874160767
20220711_174311,0.08057430902748158,0.3334694504737854,8.41149958432652e-05,-0.015376561159702167,-0.048088185,0.09778741002082825,0.0977780893445015
20220711_174312,0.08060444213792049,0.33337530493736267,6.962965562706813e-05,-0.015424581166059118,-0.048190992,0.09706965833902359,0.09696655720472336
20220711_174312,0.08092190078337158,0.33411645889282227,2.5252546038245782e-05,-0.015304080562163341,-0.04874537,0.09731298685073853,0.09647602587938309
20220711_174312,0.08115454945698702,0.3350539803504944,2.8118531190557405e-05,-0.015228035983806835,-0.04938528,0.09669515490531921,0.09617529064416885
20220711_174312,0.08128204563499868,0.3356531858444214,7.344183359236922e-06,-0.015245872972090601,-0.049968243,0.09663374722003937,0.09522695094347
20220711_174312,0.08130831230860375,0.335980087518692,0.00010927638504654169,-0.015095736456504015,-0.05035053,0.0967492163181305,0.094847172498703
20220711_174312,0.08134944048058432,0.33624956011772156,3.338405804242939e-05,-0.015020984489753189,-0.05062565,0.09700464457273483,0.09455199539661407
20220711_174313,0.08145807145665881,0.3368039131164551,9.950149978976697e-05,-0.015083845051345652,-0.05109739,0.096889927983284,0.09383253008127213
20220711_174313,0.08157111419362752,0.33660370111465454,4.332755270297639e-05,-0.015027362894107816,-0.05167089,0.09658784419298172,0.09280339628458023
20220711_174313,0.08166728273118566,0.3368307650089264,8.793899178272113e-05,-0.014789117411175442,-0.051932324,0.09669811278581619,0.09214755892753601
20220711_174313,0.08179010285094465,0.33701252937316895,2.1481911971932277e-05,-0.014715839491103866,-0.052373424,0.0966341570019722,0.09154059737920761
20220711_174313,0.08186462987061774,0.33758383989334106,9.533494448987767e-05,-0.014857941463570041,-0.05272211,0.0963684618473053,0.09075134247541428
20220711_174313,0.0820530018745051,0.3376692831516266,3.2164847652893513e-05,-0.014658942999625484,-0.05293163,0.0963045284152031,0.09095237404108047
20220711_174314,0.08220409125744739,0.337990403175354,7.167658623075113e-05,-0.014451952310668465,-0.052982625,0.09647101908922195,0.09112735837697983
20220711_174314,0.08225066972346513,0.3382188081741333,0.00011543671280378476,-0.0141026354650021,-0.052830998,0.09707682579755783,0.09218994528055191
20220711_174314,0.08237354005687297,0.3383216857910156,5.705899457097985e-05,-0.01390608250444418,-0.052962262,0.09693226963281631,0.0922216847538948
20220711_174314,0.08229902979488433,0.3377578556537628,2.8822141757700592e-05,-0.0135900673530971,-0.0526735,0.09721581637859344,0.0920381024479866
20220711_174314,0.08252451846088338,0.3382149934768677,4.271239049558062e-06,-0.013560451120907181,-0.05296341,0.09716496616601944,0.09167610853910446
20220711_174315,0.08269970350493966,0.3385045826435089,9.205217793351039e-05,-0.01372384553521661,-0.052980963,0.09680201858282089,0.09161059558391571
20220711_174315,0.08301254316478796,0.3393217623233795,6.232309533515945e-05,-0.01381996983656748,-0.053435158,0.09655090421438217,0.091469407081604
20220711_174315,0.08320646961939435,0.3397141993045807,4.564065602608025e-05,-0.013948667072031722,-0.053793058,0.09563755989074707,0.09069951623678207
20220711_174315,0.08337042219681741,0.34027212858200073,3.526113505358808e-05,-0.014186077883426055,-0.05422038,0.09509656578302383,0.0899096429347992
20220711_174315,0.08344087340065882,0.34040918946266174,4.836849984712899e-05,-0.014046153684029315,-0.05435197,0.09511850029230118,0.08958163857460022
20220711_174316,0.08343892504762661,0.3406854569911957,4.8157551645999774e-05,-0.013866472089586513,-0.0542729,0.09548398107290268,0.08929996937513351
20220711_174316,0.08344861028187589,0.3408282399177551,1.736767626425717e-05,-0.013661468135792254,-0.054413617,0.09583079814910889,0.08901011943817139
20220711_174316,0.0837062417710473,0.3416593670845032,7.128155266400427e-05,-0.013563924525792045,-0.055220157,0.09600100666284561,0.08815588057041168
20220711_174316,0.08393952651632182,0.3423369824886322,9.912781388266012e-05,-0.013480194890903055,-0.055719543,0.09604047983884811,0.08791375905275345
20220711_174316,0.08399428216023777,0.3425298035144806,8.41424407553859e-05,-0.013488677703335918,-0.05576792,0.0959126278758049,0.08836982399225235
20220711_174316,0.0840622831979441,0.34283632040023804,0.00010574133193586022,-0.013408244007460516,-0.05577428,0.09616034477949142,0.0887971743941307
20220711_174317,0.08411173924384217,0.34292978048324585,3.9520982682006434e-05,-0.013451160931752975,-0.05585861,0.09596803039312363,0.08852597326040268
20220711_174317,0.0841257054868542,0.34285134077072144,8.223094482673332e-05,-0.013635494750684622,-0.05593553,0.0957670658826828,0.08852210640907288
20220711_174317,0.08409131590384748,0.3427383601665497,4.6912966354284436e-05,-0.013760062027894482,-0.0559051,0.09567081928253174,0.08843139559030533
20220711_174317,0.08397330692617172,0.3425191342830658,7.242952415253967e-05,-0.01395253360429536,-0.055895634,0.09551804512739182,0.08851848542690277
20220711_174317,0.0839578690109361,0.34257251024246216,9.414501982973889e-05,-0.014034006126159085,-0.055973437,0.09543931484222412,0.0882246196269989
20220711_174317,0.0839242488824341,0.3426903188228607,2.2015163267496973e-05,-0.014012524981898748,-0.055949572,0.0957668125629425,0.08839587867259979
20220711_174317,0.08376031083356279,0.34259459376335144,6.472309905802831e-05,-0.01388840755954957,-0.055818625,0.09587331116199493,0.08815480023622513
20220711_174318,0.08375909144965983,0.342589408159256,4.0120576159097254e-05,-0.01367087143008225,-0.055779416,0.09623511135578156,0.0883781909942627
20220711_174318,0.08383974663570222,0.3427478075027466,8.349122799700126e-05,-0.013439206078799998,-0.05593547,0.09655895829200745,0.08810395002365112
20220711_174318,0.08387722533088722,0.3424505293369293,5.84658955631312e-05,-0.013375464881626347,-0.05602592,0.09689127653837204,0.08774304389953613
20220711_174318,0.08373214761346656,0.3416365683078766,9.893900278257206e-05,-0.013252091614938392,-0.056104504,0.09708447754383087,0.08751489967107773
20220711_174318,0.08374872076684171,0.34163275361061096,2.522291470086202e-05,-0.013061024557624035,-0.056280363,0.09746739268302917,0.0879436656832695
20220711_174318,0.08355403403881195,0.34120869636535645,1.8895620087278076e-05,-0.012932342162986079,-0.05615294,0.097659632563591,0.08825056254863739
20220711_174319,0.08349599999914616,0.34129756689071655,4.440877091838047e-05,-0.012925514851658958,-0.05592168,0.09741606563329697,0.08835957944393158
20220711_174319,0.08356240645598817,0.3415573239326477,6.234229658730328e-05,-0.01296195986354748,-0.05590662,0.09723370522260666,0.08845657855272293
20220711_174319,0.08362433588195747,0.34204044938087463,6.152727291919291e-05,-0.013008863306507617,-0.05602853,0.09732013195753098,0.0881676971912384
20220711_174319,0.08358810966228673,0.3416387140750885,1.6386205970775336e-05,-0.012996404959551289,-0.0560016,0.09714411199092865,0.08814588189125061
20220711_174319,0.08351793083750197,0.34135040640830994,3.139264299534261e-05,-0.01309043918274106,-0.05564971,0.09718777239322662,0.08844800293445587
20220711_174319,0.08340739846536573,0.3410935401916504,2.7185134968021885e-05,-0.01318965795402614,-0.055200066,0.09671099483966827,0.08905986696481705
20220711_174320,0.08338076482198784,0.341004341840744,5.391118611441925e-05,-0.013330862138927603,-0.054976128,0.09666725248098373,0.08920595049858093
20220711_174320,0.0834629428962603,0.34088072180747986,4.2828476580325514e-05,-0.013476938329868914,-0.055034775,0.09608940780162811,0.08925318717956543
20220711_174320,0.08358867096586098,0.34117022156715393,0.00010530982399359345,-0.013519810621130151,-0.055079237,0.09598083049058914,0.0892142653465271
20220711_174320,0.08367567119027619,0.3414357602596283,4.67339668830391e-05,-0.013491001548773566,-0.05513305,0.09557641297578812,0.08879132568836212
20220711_174320,0.08374950330748061,0.3412567377090454,0.000146314938319847,-0.013398049547513245,-0.055209275,0.09566198289394379,0.0882832407951355
20220711_174320,0.08384133691714817,0.34178176522254944,0.00012456205149646848,-0.013297813948302898,-0.05518986,0.09601324796676636,0.08851300179958344
20220711_174321,0.08379337089003908,0.3420773446559906,5.195953053771518e-05,-0.013254978504486842,-0.05510316,0.09582417458295822,0.08850157260894775
20220711_174321,0.08381882008764466,0.34243547916412354,2.175792724301573e-05,-0.013161072457543551,-0.05526883,0.09571840614080429,0.08817368745803833
20220711_174321,0.08388569853288085,0.34267884492874146,5.965497257420793e-05,-0.013136093347971564,-0.055403203,0.095995232462883,0.08781059086322784
20220711_174321,0.08409978997177026,0.34315750002861023,0.00010134280455531552,-0.01306571659023063,-0.055624425,0.0964040532708168,0.08795100450515747
20220711_174321,0.08422323195124257,0.3434194326400757,2.4158800442819484e-05,-0.013056608731623707,-0.05588667,0.09650815278291702,0.08782780915498734
20220711_174321,0.0843783128210007,0.3437342643737793,5.6763950851745903e-05,-0.013101607441035118,-0.056113392,0.0960991233587265,0.08750306814908981
20220711_174322,0.08437567271857624,0.3441740870475769,1.3303182640811428e-05,-0.013142757885740444,-0.05619271,0.09593608230352402,0.08732718229293823
20220711_174322,0.08447452121616358,0.3443816900253296,4.5041007979307324e-05,-0.013164961906238866,-0.056390963,0.09560233354568481,0.08738911151885986
20220711_174322,0.08461053412417605,0.34456291794776917,0.00010130998998647556,-0.013276362518016753,-0.056479216,0.09519917517900467,0.08723287284374237
20220711_174322,0.08456836638247205,0.34461548924446106,6.27344343229197e-05,-0.013266122168882837,-0.056559063,0.09535936266183853,0.08723265677690506
20220711_174322,0.08451490605043556,0.34461545944213867,3.90527602576185e-05,-0.013124726323904603,-0.056556705,0.09514696896076202,0.08738317340612411
20220711_174322,0.0845271416915044,0.34480398893356323,2.3138560209190473e-05,-0.01305528296825886,-0.056551248,0.09477920085191727,0.08738066256046295
20220711_174322,0.08471432665118939,0.3452114760875702,1.7107038729591295e-05,-0.013036488850128066,-0.056668848,0.09461596608161926,0.08724164962768555
20220711_174323,0.0848806342524013,0.3455049395561218,4.630776311387308e-05,-0.013034044085622273,-0.056829378,0.09510478377342224,0.08713909238576889
20220711_174323,0.08497325570661132,0.34550240635871887,8.800954674370587e-05,-0.013061309679818413,-0.056911774,0.09496527910232544,0.0870068296790123
20220711_174323,0.08476720150734827,0.3450773358345032,4.116994023206644e-05,-0.013085424706913047,-0.056726757,0.09523823112249374,0.08712098747491837
20220711_174323,0.08471972900829734,0.3450988233089447,4.277177868061699e-05,-0.012998186998983403,-0.056488756,0.09500419348478317,0.08745615184307098
20220711_174323,0.08469583689888689,0.3451799750328064,8.783038356341422e-05,-0.013046535159393906,-0.05615017,0.09496743232011795,0.08809904754161835
20220711_174323,0.08481405894573128,0.3453025221824646,8.500761759933084e-05,-0.013061624276435504,-0.056153987,0.09488615393638611,0.08782676607370377
20220711_174324,0.0849085569641017,0.34557968378067017,0.00010148876754101366,-0.013035847454538589,-0.056170672,0.09461671859025955,0.08751752972602844
20220711_174324,0.08502314004175084,0.34582722187042236,8.537391113350168e-05,-0.013047966251632095,-0.05638085,0.09436862170696259,0.08703633397817612
20220711_174324,0.0855220523395746,0.34644773602485657,9.94004076346755e-05,-0.013176650679492106,-0.057222966,0.09432680159807205,0.08604996651411057
20220711_174324,0.08579059006438124,0.3469618558883667,1.8119564629159868e-05,-0.013198656087270711,-0.057579413,0.0941481813788414,0.08563904464244843
20220711_174324,0.08597464299465973,0.3474239706993103,0.00010398939048172906,-0.01316777101047421,-0.05813862,0.09419798105955124,0.08493147045373917
20220711_174324,0.08605000756546732,0.34756889939308167,0.00014269829262048006,-0.01316620414902085,-0.05820734,0.09442444145679474,0.08482641726732254
20220711_174325,0.08617371883759585,0.3478555977344513,7.105588156264275e-05,-0.013280952629247288,-0.058359794,0.09405165910720825,0.08486302196979523
20220711_174325,0.08624938927129587,0.348135381937027,8.169812645064667e-05,-0.013476888073035959,-0.058578733,0.09386910498142242,0.08440250903367996
20220711_174325,0.08627763844563546,0.3484141230583191,5.4507985623786226e-05,-0.0135115959450777,-0.05874107,0.09389127045869827,0.08433642238378525
20220711_174325,0.08630110305949412,0.3483606278896332,5.610958396573551e-05,-0.013442417395016282,-0.058983374,0.09425635635852814,0.08436448872089386
20220711_174325,0.0862252586033876,0.3483980894088745,1.0952092452498619e-05,-0.013408994515575725,-0.05907128,0.09488300234079361,0.08435481786727905
20220711_174325,0.08634180705198628,0.3487741947174072,0.00010092912998516113,-0.013311253656084623,-0.059458006,0.09497902542352676,0.08426607400178909
20220711_174326,0.0863650494563479,0.34903568029403687,0.00013558028149418533,-0.013400431615637849,-0.05956049,0.09485999494791031,0.08401256799697876
20220711_174326,0.08641291116446717,0.348935604095459,8.402436651522294e-05,-0.013628312918232573,-0.05974016,0.09474080801010132,0.0836171805858612
20220711_174326,0.08640196301165604,0.3490661084651947,0.0001350654347334057,-0.013647724357780604,-0.059779093,0.09476452320814133,0.08345268666744232
20220711_174326,0.08669883204049326,0.3500526249408722,6.66219784761779e-05,-0.01384716466864199,-0.060310386,0.09447597712278366,0.08289217203855515
20220711_174326,0.08656447217530772,0.3501517176628113,7.497725891880691e-05,-0.01396816959786965,-0.060134415,0.09418144077062607,0.08256169408559799
20220711_174326,0.08685700606004547,0.35084572434425354,0.00015529517258983105,-0.014192901892995394,-0.060623884,0.09385307878255844,0.08224785327911377
20220711_174326,0.08702490938317661,0.35122787952423096,5.053119457443245e-05,-0.014144917570315845,-0.06096832,0.09380589425563812,0.08143452554941177
20220711_174327,0.08718288439246245,0.35151395201683044,9.829317423282191e-05,-0.01408206413524552,-0.06113296,0.09387151896953583,0.08121953159570694
20220711_174327,0.08705519974432328,0.3513198494911194,0.00013193555059842765,-0.013884668107688538,-0.06101343,0.09412115067243576,0.08113988488912582
20220711_174327,0.08720690263085133,0.35163769125938416,6.161858618725091e-05,-0.013850456412027949,-0.061417084,0.09403782337903976,0.08065392076969147
20220711_174327,0.08719381430960571,0.3517424762248993,9.01308812899515e-05,-0.013713957035639598,-0.061352458,0.094245545566082,0.08080452680587769
20220711_174327,0.08711121765983763,0.35167792439460754,0.00011789936979766935,-0.013636335457044685,-0.061188214,0.09444267302751541,0.08088744431734085
20220711_174327,0.08692414232986045,0.3512851297855377,7.29977255105041e-05,-0.01353520019548911,-0.060977243,0.09449105709791183,0.0811724066734314
20220711_174328,0.08698352361941729,0.35139942169189453,6.225349352462217e-05,-0.013537139775829276,-0.0611212,0.09458385407924652,0.08128508925437927
20220711_174328,0.08693690743361324,0.3513665795326233,0.00013789566583000124,-0.01349302910213273,-0.061001033,0.09478198736906052,0.08113686740398407
20220711_174328,0.08709365199293014,0.35167643427848816,0.00011515358346514404,-0.01351291303516047,-0.061383292,0.09470243006944656,0.08080780506134033
20220711_174328,0.08707834920305585,0.3516882658004761,4.643958527594805e-05,-0.01361148089097264,-0.06145684,0.09480036050081253,0.08066483587026596
20220711_174328,0.08721190728343023,0.35175347328186035,6.836438114987686e-05,-0.01375221582951867,-0.0618132,0.09474172443151474,0.08026263117790222
20220711_174328,0.08711216649497296,0.35152730345726013,7.239077240228653e-05,-0.013739846229946577,-0.061647926,0.09474179893732071,0.08054949343204498
20220711_174329,0.08695599023046122,0.35125476121902466,9.506489732302725e-05,-0.013724672747962637,-0.061400037,0.0948205515742302,0.08077728003263474
20220711_174329,0.08716346731346815,0.35182562470436096,3.2743686460889876e-05,-0.013833082214909649,-0.061810724,0.09469586610794067,0.08057813346385956
20220711_174329,0.08732532477880668,0.35228320956230164,4.697725307778455e-05,-0.013886507224802292,-0.06215756,0.09462671726942062,0.08021531254053116
20220711_174329,0.08727004152348505,0.35224899649620056,0.00014174336683936417,-0.013806904094827953,-0.06212959,0.09475400298833847,0.08024182915687561
20220711_174329,0.0872477336348739,0.35219478607177734,0.00013129385479260236,-0.01390888922416287,-0.062181428,0.0946795642375946,0.080105260014534
20220711_174329,0.08725890714143243,0.3522203266620636,0.0001225941232405603,-0.014059339966161861,-0.06223777,0.09461645781993866,0.08009985089302063
20220711_174330,0.08737880473643808,0.352546364068985,0.0001466249377699569,-0.014142592285407454,-0.062479135,0.09456943720579147,0.08016586303710938
20220711_174330,0.08734873024301239,0.35238367319107056,0.0001087483688024804,-0.01416219373599496,-0.06251541,0.09469570964574814,0.0804203599691391
20220711_174330,0.08728147117976495,0.3523341417312622,5.7956422097049654e-05,-0.014118976478471986,-0.062461063,0.09489373117685318,0.08046642690896988
20220711_174330,0.08705224034298567,0.35188111662864685,0.00018953789549414068,-0.014206976908754838,-0.062252093,0.09508562088012695,0.08017198741436005
20220711_174330,0.08709677545380495,0.35227110981941223,6.673244934063405e-05,-0.014481680360366357,-0.062176615,0.09478472173213959,0.08032385259866714
20220711_174330,0.08742240365479943,0.3527616560459137,3.652735540526919e-05,-0.01458126432385012,-0.06255496,0.0944603681564331,0.08017854392528534
20220711_174331,0.08749236506401817,0.3530881404876709,0.00012120558676542714,-0.014558005422028933,-0.062624514,0.09455763548612595,0.0803244411945343
20220711_174331,0.0876874148203667,0.3536820411682129,0.0001086477204808034,-0.01470372105704149,-0.06296404,0.09439242631196976,0.07996891438961029
20220711_174331,0.0877053294451021,0.35396766662597656,0.00012174060248071328,-0.014797928585120636,-0.062994115,0.0942663624882698,0.0797283723950386
20220711_174331,0.08773300094953794,0.3541959524154663,4.506102413870394e-05,-0.014915404051679987,-0.06282808,0.0939343199133873,0.08000805228948593
20220711_174331,0.0877608873311488,0.3542861044406891,0.00021591110271401703,-0.014919231496036777,-0.06268569,0.0939779132604599,0.08040282875299454
20220711_174331,0.08793488519550573,0.35452091693878174,2.74978610832477e-05,-0.01486523145767165,-0.06300031,0.0936308205127716,0.08021131902933121
20220711_174332,0.08802113705810335,0.354701966047287,0.00017278370796702802,-0.014772253386283348,-0.06313477,0.09382612258195877,0.08022137731313705
20220711_174332,0.08801979290944408,0.3546929657459259,8.69707582751289e-05,-0.01466344413269814,-0.06318024,0.09390304237604141,0.08022058755159378
20220711_174332,0.08790544194727225,0.3545237183570862,0.00010778629803098738,-0.014669360128472777,-0.063005194,0.09380875527858734,0.08047252148389816
20220711_174332,0.0879336395155557,0.35451462864875793,8.368520502699539e-05,-0.014690044760895173,-0.06304671,0.09372375160455704,0.08048496395349503
20220711_174332,0.08797477955443601,0.35468995571136475,0.00012267647252883762,-0.014766640803075257,-0.063141726,0.09357095509767532,0.08039478212594986
20220711_174332,0.08795224760260618,0.35468512773513794,8.988274203147739e-05,-0.014760109626442156,-0.0630548,0.09342391043901443,0.0804966613650322
20220711_174333,0.08797982125076745,0.3546772599220276,8.997796248877421e-05,-0.014765147838659266,-0.0630704,0.09326464682817459,0.08025748282670975
20220711_174333,0.08793864627909931,0.3544671833515167,6.933212716830894e-05,-0.014680729311266183,-0.062953025,0.0931154415011406,0.08041904121637344
20220711_174333,0.08790086511005159,0.35441988706588745,0.00010047923569800332,-0.014637296548708581,-0.062985346,0.09324636310338974,0.08030141144990921
20220711_174333,0.08799210315148867,0.3544867932796478,9.638135088607669e-05,-0.014655936977768116,-0.06329822,0.09343622624874115,0.08015699684619904
20220711_174333,0.0879469678056993,0.354634165763855,1.3580756785813719e-05,-0.014672981843280206,-0.0633343,0.09357200562953949,0.08015461266040802
20220711_174333,0.08789698553869293,0.3545413911342621,5.388470526668243e-05,-0.014601057139854249,-0.063335605,0.09385232627391815,0.07988069951534271
20220711_174334,0.0878278749048486,0.354182630777359,2.4980765374493785e-05,-0.014480377623445126,-0.06329729,0.09391305595636368,0.07998008280992508
20220711_174334,0.08787718631632109,0.35459989309310913,0.00011993051157332957,-0.014457013330354597,-0.06343414,0.09409400075674057,0.07998502254486084
20220711_174334,0.08794884400235774,0.3547109067440033,4.060519495396875e-05,-0.014328055629552458,-0.06353319,0.09424830228090286,0.07993528991937637
20220711_174334,0.08795209087124775,0.35469844937324524,2.2759153580409475e-05,-0.014208548758929327,-0.06344672,0.09439855813980103,0.08026832342147827
20220711_174334,0.08801916892666214,0.35488855838775635,0.00010658120299922302,-0.014132604813467007,-0.0635245,0.09453627467155457,0.08025705069303513
20220711_174334,0.08813280304235098,0.35529518127441406,8.491829066770151e-05,-0.014087975348873537,-0.06368481,0.09471837431192398,0.0804375633597374
20220711_174335,0.08814553997100368,0.35541149973869324,3.892948370776139e-05,-0.014068370209289116,-0.06375849,0.09479919821023941,0.08028876036405563
20220711_174335,0.08811372535178515,0.3553914427757263,6.133042916189879e-05,-0.014067900532214789,-0.06380286,0.09469173103570938,0.08003076910972595
20220711_174335,0.08812373141322839,0.35536640882492065,0.00010220465628663078,-0.014043732121143678,-0.063822776,0.09475606679916382,0.07988709211349487
20220711_174335,0.08807553557672969,0.35533180832862854,0.00010018764442065731,-0.014051853765999689,-0.06380456,0.09462656825780869,0.07960813492536545
20220711_174335,0.08802077534791382,0.35508403182029724,9.203151421388611e-05,-0.01404733192651621,-0.063731596,0.09457826614379883,0.07957982271909714
20220711_174335,0.08795412464058074,0.3546903133392334,0.00015078028081916273,-0.01410131823743888,-0.06372388,0.09455107152462006,0.0793340727686882
20220711_174335,0.08796400951001336,0.35481634736061096,0.00015359700773842633,-0.01407039046069075,-0.06375157,0.09453651309013367,0.07928802073001862
20220711_174336,0.08782048873969032,0.35458990931510925,0.00012808179599232972,-0.014016414764040605,-0.06357841,0.09469471871852875,0.07916518300771713
20220711_174336,0.08776409061435216,0.3543844223022461,6.342604319797829e-05,-0.014006333410099749,-0.06362426,0.09488735347986221,0.07898273319005966
20220711_174336,0.08768075649309055,0.35421523451805115,7.291811925824732e-05,-0.01399152656602693,-0.06358738,0.09491784870624542,0.07878263294696808
20220711_174336,0.08762607877206138,0.35423392057418823,0.00013878426398150623,-0.013984535120702916,-0.06351859,0.09485654532909393,0.07874304056167603
20220711_174336,0.0876530308501459,0.35435858368873596,0.00018748396541923285,-0.014048716211309334,-0.063577406,0.09480210393667221,0.0785633772611618
20220711_174336,0.08766381114541105,0.3544711470603943,0.00016755543765611947,-0.014091959147626698,-0.063573115,0.09468832612037659,0.0785917267203331
20220711_174337,0.08758827235776878,0.3542936444282532,6.897401908645406e-05,-0.014057334931413375,-0.06345259,0.0947786420583725,0.07891064882278442
20220711_174337,0.08752618135423625,0.35420143604278564,0.00010657125676516443,-0.014005431028019443,-0.06336678,0.0947258397936821,0.07907713204622269
20220711_174337,0.08749005219507672,0.3542061746120453,0.00011510449985507876,-0.0140020832502617,-0.06332016,0.09481006860733032,0.07915493845939636
20220711_174337,0.08749384320208431,0.35422253608703613,0.00010388944065198302,-0.013994239936429812,-0.06332357,0.09481484442949295,0.07940302044153214
20220711_174337,0.08751574721083354,0.35440707206726074,0.00011789127165684476,-0.013992968663998932,-0.06333039,0.09475746005773544,0.07962523400783539
20220711_174337,0.08748996767811351,0.35438087582588196,5.882197365281172e-05,-0.013939807270867424,-0.06323042,0.09488073736429214,0.07976753264665604
20220711_174338,0.0874303920699427,0.3544628322124481,3.273853872087784e-05,-0.013864505484815035,-0.06314094,0.09488365054130554,0.07979222387075424
20220711_174338,0.08743229392181334,0.354696124792099,9.878105629468337e-06,-0.013904623976813312,-0.06316462,0.09479422122240067,0.07964428514242172
20220711_174338,0.08743919646926045,0.3546420633792877,5.976973625365645e-05,-0.01397329834276761,-0.063193955,0.09462086111307144,0.07965071499347687
20220711_174338,0.087350401453316,0.35440996289253235,6.15742028458044e-05,-0.013966703870031766,-0.06307308,0.09466373175382614,0.07975299656391144
20220711_174338,0.08729349746153689,0.35426104068756104,9.364605648443103e-05,-0.013921463942523684,-0.062986635,0.0947938933968544,0.08007720112800598
20220711_174339,0.0872272251368125,0.3540023863315582,0.00010077402839669958,-0.013899770702170591,-0.06288859,0.09492866694927216,0.0801193043589592
20220711_174339,0.08716183216664834,0.35393810272216797,6.997895252425224e-05,-0.013869742862776964,-0.06279341,0.09503296762704849,0.07995054125785828
20220711_174339,0.087143516379163,0.3537863492965698,7.650387124158442e-05,-0.0137675961621394,-0.06263787,0.09508670121431351,0.08012418448925018
20220711_174339,0.08710011197475476,0.35370489954948425,8.223285840358585e-05,-0.01366795879680117,-0.062458515,0.09507827460765839,0.08035033196210861
20220711_174339,0.08709247592774969,0.3535885512828827,7.966360499267466e-06,-0.013762298054263265,-0.06236723,0.09487763792276382,0.0804562047123909
20220711_174339,0.08714615630464463,0.353526771068573,9.157276508631185e-05,-0.013707095273295366,-0.06235872,0.09501481056213379,0.08046765625476837
20220711_174340,0.08702942518675247,0.35342755913734436,6.68007050990127e-05,-0.013665181424732551,-0.062236432,0.09481947124004364,0.08042082190513611
20220711_174340,0.08691774601491895,0.35321903228759766,2.522739305277355e-05,-0.013718619613895634,-0.06215039,0.09462323039770126,0.08018635213375092
20220711_174340,0.08687560751791931,0.35329845547676086,6.122088234405965e-05,-0.013619536200822192,-0.0620835,0.09482348710298538,0.08029641956090927
20220711_174340,0.08686618370518837,0.35342687368392944,5.286244777380489e-05,-0.013549000908711589,-0.062112797,0.0951012670993805,0.08043692260980606
20220711_174340,0.08680967276343039,0.35329100489616394,5.503534703166224e-05,-0.01347469834772334,-0.062074088,0.09538794308900833,0.08033692836761475
20220711_174340,0.0867072898309771,0.35312727093696594,7.95448140706867e-05,-0.01337310264344262,-0.062006373,0.09574341028928757,0.08039861172437668
20220711_174341,0.08658107015157104,0.35278525948524475,2.908629903686233e-05,-0.013274472063266471,-0.06187568,0.09591232240200043,0.08061829209327698
20220711_174341,0.08651920365551229,0.35248538851737976,6.587190728168935e-05,-0.013191593848909654,-0.061722096,0.09607496857643127,0.08085046708583832
20220711_174341,0.08649465233711608,0.3522180914878845,3.136631130473688e-05,-0.013083307604111903,-0.061647967,0.09622520208358765,0.08125972002744675
20220711_174341,0.08634831040480914,0.3519177734851837,4.112023816560395e-05,-0.012999093077005069,-0.06146477,0.09621717035770416,0.08111999183893204
20220711_174341,0.08618522794296626,0.3516741991043091,6.132118869572878e-05,-0.012982696221439808,-0.06129853,0.09622460603713989,0.0813785046339035
20220711_174341,0.0860538703235441,0.3515429198741913,0.00010213547648163512,-0.012968433256520839,-0.061035626,0.09633292257785797,0.08171796798706055
20220711_174341,0.08601438897593772,0.35143032670021057,7.623391866218299e-05,-0.012850646262485086,-0.060849234,0.09660965204238892,0.0819183960556984
20220711_174342,0.08593342512552746,0.3509896397590637,8.770311251282692e-05,-0.01279315475249281,-0.060710106,0.09662658721208572,0.08221390843391418
20220711_174342,0.08582329219950845,0.3507060408592224,0.00010426311200717464,-0.012738231115536238,-0.060469747,0.09674886614084244,0.08227088302373886
20220711_174342,0.08580740422522241,0.35056403279304504,6.0060128816985525e-06,-0.012607015724646939,-0.0603726,0.09676951915025711,0.08272162824869156
20220711_174342,0.08580277052063821,0.3507069945335388,5.9802285250043496e-05,-0.012500963409566952,-0.060394827,0.0966045930981636,0.08302928507328033
20220711_174342,0.08579908871346152,0.35071608424186707,8.223926124628633e-05,-0.012415992241158545,-0.060444497,0.09649723023176193,0.08297155052423477
20220711_174342,0.08579892621116104,0.3503614664077759,9.403988224221393e-05,-0.01239435741392427,-0.060511753,0.0964592695236206,0.08274046331644058
20220711_174343,0.08579738216206542,0.3502825200557709,6.729149845341453e-06,-0.012379014943989936,-0.060557835,0.09635425359010696,0.08249738812446594
20220711_174343,0.08584549075643146,0.3505099415779114,2.24104351218557e-05,-0.01242482209768863,-0.060659923,0.09634692966938019,0.08222845196723938
20220711_174343,0.08588382841791338,0.3506283462047577,0.00012222162331454456,-0.012480088189897343,-0.060744945,0.09626362472772598,0.0820389911532402
20220711_174343,0.08589338242208133,0.3507368564605713,0.00010723223385866731,-0.012517627622883571,-0.060795177,0.09609939903020859,0.08181701600551605
20220711_174343,0.08588649193865212,0.3507189154624939,8.369868737645447e-05,-0.012528814835654406,-0.060764212,0.09594685584306717,0.08188702911138535
20220711_174343,0.08579089814309705,0.35065582394599915,0.0001232815266121179,-0.012520294871856259,-0.060641073,0.09601013362407684,0.08183630555868149
20220711_174344,0.08573313805146043,0.35059815645217896,0.0001287082995986566,-0.012463878825068535,-0.06049788,0.09610198438167572,0.0820169597864151
20220711_174344,0.08569990004059959,0.35067665576934814,6.0963222495047376e-05,-0.012341806440481396,-0.060402203,0.09615015983581543,0.08206077665090561
20220711_174344,0.08567293019966159,0.3506917357444763,4.466183963813819e-05,-0.01221799721313519,-0.060302753,0.09622878581285477,0.08226285129785538
20220711_174344,0.08566806993444989,0.3506743609905243,1.4044532690604683e-05,-0.012088483672001844,-0.060246672,0.09640771150588989,0.0824602022767067
20220711_174344,0.08562078961431839,0.3508732318878174,7.191510667325929e-05,-0.012026441650876178,-0.060119137,0.09636194258928299,0.0825536698102951
20220711_174344,0.0856325277746991,0.35097751021385193,4.999059819965623e-05,-0.011838578708970045,-0.06007371,0.09652534127235413,0.08285890519618988
20220711_174345,0.08555535839618474,0.3507080078125,6.602867506444454e-05,-0.011710448664840825,-0.060030613,0.09653288871049881,0.08293305337429047
20220711_174345,0.08547606295127624,0.35055503249168396,2.7155809220857918e-05,-0.011628317167613639,-0.059963714,0.09675640612840652,0.08285880833864212
20220711_174345,0.08548919017238443,0.350809782743454,8.504310244461522e-05,-0.011503388113039664,-0.05990972,0.09682336449623108,0.08296675980091095
20220711_174345,0.0854745055275188,0.3507409989833832,0.00011865535634569824,-0.011324978321164806,-0.059801146,0.09677912294864655,0.08333943039178848
20220711_174345,0.0854500950032082,0.3506220579147339,2.111991125275381e-05,-0.011145425010487877,-0.059710488,0.09702057391405106,0.08360304683446884
20220711_174346,0.08534952134734083,0.35051941871643066,4.313005047151819e-05,-0.011032107254928886,-0.059554435,0.09710601717233658,0.0837746188044548
20220711_174346,0.08528984132706492,0.35027557611465454,7.017502503003925e-05,-0.011039018314679542,-0.05937633,0.09702706336975098,0.08416242152452469
20220711_174346,0.08523999725094954,0.35027313232421875,4.695551979239099e-05,-0.011073179519423474,-0.05927704,0.09682995080947876,0.0840640515089035
20220711_174346,0.08518075383155672,0.35005491971969604,0.00012827034515794367,-0.011107475124152744,-0.059177022,0.09668660908937454,0.08386024832725525
20220711_174346,0.085228142158396,0.3503223955631256,6.347930320771411e-05,-0.011036848473749394,-0.05918884,0.09679435938596725,0.08419594168663025
20220711_174347,0.08533793449570401,0.3504354953765869,2.463401142449584e-05,-0.010910977316258483,-0.059478316,0.09689025580883026,0.08374348282814026
20220711_174347,0.08535052678932994,0.3504195809364319,8.328269905177876e-05,-0.01087812951993439,-0.059639424,0.09695814549922943,0.08338847011327744
20220711_174347,0.08545125203977938,0.35072559118270874,0.0001333611289737746,-0.01084001868552673,-0.059928205,0.09705786406993866,0.0831344723701477
20220711_174347,0.08561577512527144,0.35117998719215393,6.66741980239749e-05,-0.010903641912234781,-0.060269777,0.09707477688789368,0.08273439854383469
20220711_174347,0.08566447052986674,0.3511340916156769,4.8841629904927686e-05,-0.010794341775882,-0.06041433,0.09721439331769943,0.08266127854585648
20220711_174347,0.08571826385817069,0.3513041138648987,6.805887096561491e-05,-0.010708996752843102,-0.060523067,0.09724701195955276,0.08305403590202332
20220711_174348,0.08569369329924531,0.35135290026664734,8.789878484094515e-05,-0.01061642188273079,-0.060450234,0.09739770740270615,0.08314993232488632
20220711_174348,0.085630909352166,0.3512561321258545,3.0366689315997064e-05,-0.010524575060425964,-0.060341142,0.09748690575361252,0.08349613100290298
20220711_174348,0.08564828627150518,0.3513026833534241,6.061048770789057e-05,-0.010457294739256221,-0.06033211,0.09753738343715668,0.08349697291851044
20220711_174348,0.08566931903524128,0.35125434398651123,6.220888462848961e-05,-0.010368293738869935,-0.060393967,0.0976490005850792,0.08337799459695816
20220711_174348,0.08571327586097165,0.3514837920665741,8.17829932202585e-05,-0.010337034512145732,-0.060487863,0.09773702174425125,0.08323477953672409
20220711_174349,0.08570746209324644,0.351340651512146,6.815674714744091e-05,-0.010351056373789682,-0.060507968,0.09763643890619278,0.08333700150251389
20220711_174349,0.08563387051503847,0.35120889544487,2.5072298740269616e-05,-0.010349706619089549,-0.06047412,0.09740719199180603,0.08334837853908539
20220711_174349,0.08563122037776102,0.35110342502593994,8.156381954904646e-05,-0.010356772365624437,-0.060485564,0.09734220802783966,0.0835685133934021
20220711_174349,0.08562860628196903,0.3511672616004944,9.918449359247461e-05,-0.010385475971372167,-0.060508456,0.09729786962270737,0.08357033133506775
20220711_174349,0.0855937095786932,0.35113200545310974,0.00011792589066317305,-0.010385745901688266,-0.06049665,0.09729372709989548,0.08371805399656296
20220711_174350,0.08560410301111931,0.35115915536880493,5.1917071687057614e-05,-0.010397499372409563,-0.06054697,0.0973457470536232,0.08376635611057281
20220711_174350,0.08562369059931342,0.35116130113601685,4.208713653497398e-05,-0.01039061327408125,-0.06062887,0.09735197573900223,0.08370736241340637
20220711_174350,0.08559430244273411,0.3510552942752838,0.00013900136400479823,-0.010362287739387913,-0.06062832,0.09737134724855423,0.0836479514837265
20220711_174350,0.0856210250065066,0.3511158525943756,3.4330481867073104e-05,-0.010323733571991137,-0.060648445,0.09743276983499527,0.0838358998298645
20220711_174350,0.08555150433419344,0.35079872608184814,4.98700792377349e-05,-0.010268014855944524,-0.06057402,0.09741586446762085,0.08377652615308762
20220711_174351,0.0855259370751638,0.3508923351764679,2.875602694984991e-05,-0.010216530455332367,-0.06052089,0.09758129715919495,0.08402204513549805
20220711_174351,0.08546104332302126,0.3507753610610962,0.00018033097148872912,-0.010147958062144068,-0.060463145,0.09758058190345764,0.08420036733150482
20220711_174351,0.08541878260099374,0.3507368862628937,5.20111971127335e-05,-0.010084050850066362,-0.060459398,0.0975792407989502,0.08427071571350098
20220711_174351,0.08540374937256574,0.3507155179977417,0.00016123679233714938,-0.010034801122891146,-0.06047035,0.09752760082483292,0.08434252440929413
20220711_174351,0.0854180181837582,0.35060355067253113,0.00017391855362802744,-0.01001731566303932,-0.0605053,0.09743323922157288,0.08440569788217545
20220711_174352,0.08544208834403756,0.3506784439086914,0.00015811809862498194,-0.01003042790745157,-0.0605354,0.09734590351581573,0.0844530388712883
20220711_174352,0.0854989858732917,0.35079437494277954,0.00020312891865614802,-0.010023396654420303,-0.060565297,0.09728951007127762,0.0844542533159256
20220711_174352,0.08551018813744268,0.35081538558006287,0.00017872902390081435,-0.01004724695037874,-0.060559537,0.0972641110420227,0.08452770859003067
20220711_174352,0.08551705087474352,0.3507283627986908,0.00017267264775000513,-0.010034905699383567,-0.06055517,0.09728267043828964,0.08450987190008163
20220711_174352,0.08558049174481348,0.3508446514606476,8.324807276949286e-05,-0.010021565848677073,-0.0606566,0.09733499586582184,0.08437290042638779
20220711_174352,0.08560028820473299,0.3509838581085205,5.856268762727268e-05,-0.009986535797153964,-0.06070763,0.0973299890756607,0.08412546664476395
20220711_174353,0.08560635905295924,0.3510531485080719,8.271736442111433e-05,-0.009933720926153746,-0.060724024,0.09729237854480743,0.08403558284044266
20220711_174353,0.08563831621213046,0.3511868417263031,2.8486449082265608e-05,-0.009862911015963344,-0.06075206,0.09734789282083511,0.08405493944883347
20220711_174353,0.08567184655588721,0.35120147466659546,0.00010810895764734596,-0.00978838834674839,-0.06077293,0.09744799882173538,0.08414393663406372
20220711_174353,0.0856646914008253,0.351169615983963,0.00014259177260100842,-0.009741679235342953,-0.06071922,0.09747584164142609,0.0841449722647667
20220711_174353,0.08568762383012374,0.35092777013778687,0.00015188980614766479,-0.0096456723895312,-0.060696132,0.09763199090957642,0.08424332737922668
20220711_174354,0.08573365736219507,0.35112178325653076,0.0001219686382682994,-0.009494693451961621,-0.06074545,0.09774497151374817,0.08440311998128891
20220711_174354,0.0857419271054653,0.35116565227508545,0.0001114473125198856,-0.009313838222411337,-0.060752347,0.09799854457378387,0.08457008749246597
20220711_174354,0.08572396346337048,0.3509727716445923,1.2196093848615419e-05,-0.009161171953404264,-0.06072869,0.09817734360694885,0.0846370980143547
20220711_174354,0.08572133777551422,0.3510962128639221,4.5253909775055945e-05,-0.009066620480258364,-0.06074262,0.09841462969779968,0.08454511314630508
20220711_174354,0.0857405278867613,0.35112428665161133,5.957251414656639e-05,-0.008958239180914946,-0.060760796,0.09856247156858444,0.08463005721569061
20220711_174355,0.08573598375187139,0.3510421812534332,5.113301449455321e-05,-0.008841685122280604,-0.060744207,0.09864537417888641,0.08480627834796906
20220711_174355,0.08570362221728922,0.3510013222694397,8.651073585497215e-05,-0.008782322018973703,-0.06069039,0.09874676913022995,0.08476083725690842
20220711_174355,0.08574187754998258,0.3510473370552063,4.5073255023453385e-05,-0.008723832525011799,-0.060684286,0.09861727058887482,0.08467499166727066
20220711_174355,0.08572110403216975,0.3510763347148895,9.216392936650664e-05,-0.008720034875066092,-0.06065337,0.09861212223768234,0.08468000590801239
20220711_174355,0.08575131077209032,0.35117411613464355,0.00010618870874168351,-0.008715793007837997,-0.060646567,0.09861739724874496,0.0846833810210228
20220711_174356,0.08567058576129603,0.350903183221817,0.00012322912516538054,-0.00870821347796961,-0.060453825,0.09858163446187973,0.08505041897296906
20220711_174356,0.08561292675969763,0.35093462467193604,4.060576611664146e-05,-0.008685717916237325,-0.060327195,0.09848044812679291,0.08522765338420868
20220711_174356,0.08558187385009115,0.35089579224586487,3.801977800321765e-05,-0.008715536706225664,-0.060286473,0.09839162230491638,0.08528871089220047
20220711_174356,0.0855362109144678,0.35085490345954895,5.802941450383514e-05,-0.008766550775580244,-0.06021672,0.0982847809791565,0.08551549166440964
20220711_174356,0.08548764901229709,0.3507285416126251,2.9490671295206994e-05,-0.008812313027926255,-0.060175285,0.09833677858114243,0.08550354838371277
20220711_174357,0.08547731988666744,0.3507661819458008,5.9197027439950034e-05,-0.008858886423047005,-0.060205724,0.09831251949071884,0.08545449376106262
20220711_174357,0.08537389877664013,0.3503590226173401,3.990238474216312e-05,-0.00887608750223425,-0.06005659,0.0982142761349678,0.08547869324684143
20220711_174357,0.08525328250599487,0.3502117991447449,5.100251655676402e-05,-0.00882911253266207,-0.05992783,0.09812895208597183,0.08565901219844818
20220711_174357,0.08515748998440902,0.3499523997306824,1.9906534362235107e-05,-0.008754924178655558,-0.05986028,0.09829140454530716,0.0857011005282402
20220711_174357,0.08513555529342538,0.3498970866203308,3.0421246265177615e-05,-0.008701944309705612,-0.059895135,0.09846626222133636,0.08564066141843796
20220711_174357,0.08507470075003412,0.34963276982307434,8.7849359260872e-05,-0.008683153726034704,-0.059814565,0.09850358963012695,0.08562010526657104
20220711_174358,0.08507401213515267,0.34963393211364746,4.943715612171218e-05,-0.008669741747070284,-0.059796963,0.09859093278646469,0.0856231302022934
20220711_174358,0.08507529242266906,0.34955915808677673,6.109164678491652e-05,-0.00863541046765816,-0.059850372,0.09885533154010773,0.08557593077421188
20220711_174358,0.08501512385115378,0.34927093982696533,0.00011193216778337955,-0.008607847083204983,-0.059808392,0.0987967923283577,0.08564246445894241
20220711_174358,0.08495833831117931,0.3490597903728485,3.527925946400501e-05,-0.008533840640475517,-0.05969501,0.09892014414072037,0.0858120247721672
20220711_174358,0.08487655480037827,0.34888577461242676,6.568658136529848e-05,-0.00851098021215141,-0.059577096,0.09899654239416122,0.08583716303110123
20220711_174359,0.08491804643169017,0.34884920716285706,5.15945466759149e-05,-0.008368170316073965,-0.05957876,0.09919166564941406,0.08645492047071457
20220711_174359,0.0848855264605931,0.34856387972831726,8.25814058771357e-05,-0.0083418458465579,-0.05965441,0.09925378113985062,0.08628367632627487
20220711_174359,0.08486813968944089,0.3485104441642761,9.387634054291993e-05,-0.008294781626005278,-0.059719734,0.09936348348855972,0.08620236814022064
20220711_174359,0.08478322818684346,0.3484084904193878,3.628575723269023e-05,-0.008270973097699232,-0.0596534,0.09940493851900101,0.08607181161642075
20220711_174359,0.08472095940977191,0.3481560945510864,7.702450966462493e-05,-0.008276679544205192,-0.059560157,0.09937603026628494,0.08616505563259125
20220711_174400,0.08474108692423758,0.3482421338558197,6.376623787218705e-05,-0.008196645200326596,-0.059637554,0.09948176145553589,0.08606323599815369
20220711_174400,0.08474325501002089,0.3480527698993683,0.0001093585160560906,-0.008178702463489318,-0.05968185,0.09950733929872513,0.0859069898724556
20220711_174400,0.08469233402822995,0.34799569845199585,3.101385664194822e-05,-0.008105162129292109,-0.059599753,0.0995618924498558,0.08609411120414734
20220711_174400,0.08462607414184585,0.3478201925754547,8.358167542610317e-05,-0.008022217214310096,-0.05955342,0.09963126480579376,0.0860295370221138
20220711_174400,0.08458891032479335,0.34778597950935364,3.3273615827056346e-06,-0.00793664879685313,-0.05954383,0.09967644512653351,0.08592670410871506
20220711_174401,0.08460360460690035,0.3478710353374481,7.094193279044703e-05,-0.007918111975300594,-0.05954018,0.09970083832740784,0.08589682728052139
20220711_174401,0.0845972210259099,0.34779930114746094,0.00012669796706177294,-0.007938591653696033,-0.059548654,0.09969285130500793,0.08584190905094147
20220711_174401,0.08460771418543021,0.34790387749671936,3.733037374331616e-05,-0.007953217449769994,-0.059609022,0.09983199089765549,0.08566758036613464
20220711_174401,0.08459273114612423,0.3478969931602478,0.00012303385301493108,-0.00793244482718221,-0.059633106,0.09978777915239334,0.08564538508653641
20220711_174401,0.08455192223989001,0.3477559983730316,0.00011046721192542464,-0.00789110907279414,-0.05952937,0.0997869148850441,0.08587575703859329
20220711_174402,0.0844873286770536,0.3474794626235962,3.2035226467996836e-05,-0.007793592283998776,-0.05940335,0.099772609770298,0.08586251735687256
20220711_174402,0.08447366189959613,0.3475983440876007,0.00010134401964023709,-0.007667830278873709,-0.059292365,0.09998741745948792,0.08582967519760132
20220711_174402,0.0844440498820484,0.3477233052253723,8.590703509980813e-05,-0.007637961027214569,-0.059226878,0.10005305707454681,0.08581192046403885
20220711_174402,0.08446540302262714,0.3478567898273468,0.00012205489474581555,-0.0075862211617899146,-0.059218515,0.10018090903759003,0.08587649464607239
20220711_174402,0.08447133733488969,0.34788843989372253,8.960268314694986e-05,-0.007493081022494426,-0.059253745,0.10017198324203491,0.0858793556690216
20220711_174403,0.08446539261126075,0.34793856739997864,5.048587991041131e-05,-0.007434504749057257,-0.059220724,0.10031374543905258,0.08591416478157043
20220711_174403,0.08448336026701174,0.347947359085083,5.055109068052843e-05,-0.007376119745583053,-0.059188623,0.10056490451097488,0.0859939232468605
20220711_174403,0.08446667171919714,0.3477768898010254,6.061750173103064e-05,-0.007298669042591215,-0.05912493,0.10075141489505768,0.086001455783844
20220711_174403,0.08447258951127118,0.3475998342037201,1.560648343001958e-05,-0.007270475845303116,-0.059094664,0.10082294046878815,0.08600091934204102
20220711_174403,0.0846440803448251,0.34790122509002686,9.23424813663587e-05,-0.007242364118950165,-0.059331164,0.10055404901504517,0.08581479638814926
20220711_174404,0.08472603956360165,0.3480483889579773,0.00010557556379353628,-0.007210144626497064,-0.059367746,0.10057686269283295,0.08575137704610825
20220711_174404,0.08481751550722566,0.34813418984413147,0.00010615625797072425,-0.007195630175106726,-0.059417512,0.10052595287561417,0.08571804314851761
20220711_174404,0.08491064476469623,0.3483792841434479,9.652567678131163e-05,-0.007259416810971436,-0.059605416,0.10031230747699738,0.08560352772474289
20220711_174404,0.08490246800144172,0.348501980304718,7.087077392498031e-05,-0.00732651330869605,-0.059558738,0.10027609020471573,0.08558778464794159
20220711_174405,0.0849194966956182,0.3485427796840668,0.00011987129983026534,-0.007437916430426834,-0.05951596,0.10002271085977554,0.08570653945207596
20220711_174405,0.08490744598984253,0.3485989272594452,7.952333544380963e-05,-0.007509809885911644,-0.05946988,0.09979826956987381,0.08584193140268326
20220711_174405,0.08489260009396121,0.34868618845939636,0.00010197458323091269,-0.007498365331482031,-0.059415832,0.09979385882616043,0.08578084409236908
20220711_174405,0.08490417274701827,0.34878894686698914,0.0001442431821487844,-0.007497487104676912,-0.059456322,0.09980446845293045,0.0857011005282402
20220711_174405,0.08499615703078191,0.348978191614151,8.062273991527036e-05,-0.007521442286365649,-0.059510887,0.09970077872276306,0.08564843982458115
20220711_174405,0.08503031626147106,0.3490591049194336,9.081868483917788e-05,-0.007523879900911768,-0.05954741,0.09978919476270676,0.08572257310152054
20220711_174406,0.08504987833245624,0.3489677608013153,7.401368202408776e-05,-0.007563212677226297,-0.059573907,0.09969502687454224,0.08566241711378098
20220711_174406,0.08502287090080476,0.3489382565021515,3.455065962043591e-05,-0.007565496012051545,-0.059501126,0.09983111917972565,0.08559369295835495
20220711_174406,0.08507214632765053,0.34907466173171997,0.00012147177039878443,-0.0075625150418574,-0.059475258,0.09961038082838058,0.08570020645856857
20220711_174406,0.08514981673399045,0.3491530120372772,0.00010099980136146769,-0.007514822793939005,-0.059494104,0.09956176578998566,0.0858113169670105
20220711_174406,0.0851661640314102,0.34914642572402954,5.557248368859291e-05,-0.007485263564885097,-0.059494857,0.09959637373685837,0.08575557172298431
20220711_174407,0.0851754286997791,0.3492843508720398,0.00013705232413485646,-0.007438755584961645,-0.05944199,0.09952136874198914,0.08580538630485535
20220711_174407,0.08518654671359131,0.34935176372528076,0.00012191561836516485,-0.007395727437238348,-0.059454232,0.09955534338951111,0.08568763732910156
20220711_174407,0.08517982847346783,0.3494041860103607,4.001030174549669e-05,-0.0073855533964351655,-0.059486873,0.09960616379976273,0.08547675609588623
20220711_174407,0.08515526794070934,0.34931641817092896,3.2694075343897566e-05,-0.0073082582469471665,-0.059495144,0.09962360560894012,0.08545254170894623
20220711_174407,0.08518392541081703,0.34924983978271484,5.808160494780168e-05,-0.007257821333520798,-0.05947384,0.09967134892940521,0.0852433368563652
20220711_174408,0.0851281440877944,0.3492402136325836,5.1814509788528085e-05,-0.007318463668267712,-0.059449337,0.0997043177485466,0.08504419773817062
20220711_174408,0.08504617767195811,0.3493196368217468,4.092203016625717e-05,-0.007304879722674945,-0.059375532,0.09975038468837738,0.08506843447685242
20220711_174408,0.08495734377611644,0.3488335907459259,1.2101821084797848e-05,-0.007260392495005255,-0.059223376,0.09987520426511765,0.0851612538099289
20220711_174408,0.08493089965468574,0.3487553596496582,9.010970097733662e-05,-0.00717088358455774,-0.059115954,0.10000386834144592,0.08561274409294128
20220711_174408,0.08490750220236488,0.34865695238113403,9.723987750476226e-05,-0.007112425854258312,-0.059110574,0.10005009919404984,0.08562833070755005
20220711_174409,0.08480498011384258,0.34849897027015686,5.72259486943949e-05,-0.007071903674880901,-0.059010405,0.10006877779960632,0.08571820706129074
20220711_174409,0.0847892055663752,0.34835684299468994,4.787633952219039e-05,-0.007026753185700808,-0.05895857,0.1001935824751854,0.08588827401399612
20220711_174409,0.08476697820333995,0.3481280505657196,5.4953157814452425e-05,-0.006994647007979093,-0.058918796,0.10037576407194138,0.0859995037317276
20220711_174409,0.08477843847531245,0.34830158948898315,3.195311001036316e-05,-0.007004809679108004,-0.05893694,0.10040447115898132,0.08607460558414459
20220711_174409,0.08477802406076926,0.3482159674167633,2.5964218366425484e-05,-0.006967056732128847,-0.0589619,0.10049606114625931,0.08617036044597626
20220711_174410,0.0847699033948977,0.3480839431285858,0.00010504061356186867,-0.006893720690445821,-0.058949962,0.1006450206041336,0.0863317921757698
20220711_174410,0.08473843489571228,0.3480367362499237,5.8747951698023826e-05,-0.006847926960055458,-0.058897574,0.1005946546792984,0.08637730032205582
20220711_174410,0.08468074657439874,0.34786900877952576,5.350778155843727e-05,-0.0068291795639740605,-0.05890632,0.10072121769189835,0.08621850609779358
20220711_174410,0.08463500665130586,0.34788358211517334,7.047349936328828e-05,-0.006691144527273814,-0.058913812,0.10098847001791,0.08629171550273895
20220711_174410,0.08473248847298476,0.3479732871055603,5.1708484534174204e-05,-0.0065792011277246935,-0.058983333,0.10113856941461563,0.08644076436758041
20220711_174411,0.08468104816494092,0.34796473383903503,2.36814194067847e-05,-0.006539928975611069,-0.05889907,0.10123295336961746,0.08631885796785355
20220711_174411,0.08465868550616065,0.3479592800140381,7.957597699714825e-05,-0.006533000381201124,-0.05879684,0.10109022259712219,0.08636527508497238
20220711_174411,0.08469123056649167,0.34815549850463867,3.894846304319799e-05,-0.006507005687844687,-0.05879675,0.10115062445402145,0.08635226637125015
20220711_174411,0.0847960065471199,0.3483337163925171,4.8097834223881364e-05,-0.006446524777903034,-0.05905571,0.10125238448381424,0.08604622632265091
20220711_174411,0.08475097195294848,0.3483036458492279,5.809742651763372e-05,-0.006443349946062871,-0.058991466,0.10125700384378433,0.08598862588405609
20220711_174412,0.08474536223458422,0.34809601306915283,0.00010222660057479516,-0.0064236256041407406,-0.059019517,0.10129282623529434,0.0859854593873024
20220711_174412,0.0847550621565084,0.3481650650501251,7.375821587629616e-05,-0.006334475120160632,-0.05905498,0.10148274153470993,0.08594060689210892
20220711_174412,0.08476217346304935,0.34817010164260864,6.902880704728886e-05,-0.006308579723883562,-0.059065368,0.10154332965612411,0.08600712567567825
20220711_174412,0.08478642661687594,0.3481937050819397,6.745439168298617e-05,-0.0062890258058461755,-0.05906414,0.10159629583358765,0.08605161309242249
20220711_174412,0.0848032260374679,0.3481878340244293,7.755619299132377e-05,-0.006292140988282956,-0.05905343,0.10167880356311798,0.08613371849060059
20220711_174413,0.08482920600200948,0.3481997847557068,2.171289816033095e-05,-0.006273160811208201,-0.05902288,0.10187350958585739,0.08631408214569092
20220711_174413,0.08480071516795826,0.34814274311065674,5.515682278200984e-05,-0.006270115961195454,-0.058987666,0.10168991982936859,0.08623584359884262
20220711_174413,0.08481590212670286,0.34804731607437134,6.160313205327839e-05,-0.0062983150589978835,-0.05896354,0.10169389843940735,0.08629951626062393
20220711_174413,0.08474497750054001,0.3480423390865326,8.219967276090756e-05,-0.006392265050544402,-0.05881109,0.10160714387893677,0.08648215234279633
20220711_174413,0.08471960458152707,0.3480258584022522,7.578951044706628e-05,-0.006462705700896731,-0.058745395,0.10144830495119095,0.08651173114776611
20220711_174414,0.08471612937114138,0.34807899594306946,7.328327046707273e-05,-0.006548798342517192,-0.058790952,0.1012110635638237,0.0861138328909874
20220711_174414,0.08482218075497215,0.34824708104133606,9.96336075331783e-06,-0.006545072291681788,-0.05885641,0.10115506500005722,0.08581605553627014
20220711_174414,0.08497517618759423,0.34844914078712463,6.462929741246626e-05,-0.006535013167825867,-0.058983814,0.10107439011335373,0.08576887845993042
20220711_174414,0.08499556963405927,0.3485267162322998,0.00011282497871434316,-0.00657113821045783,-0.059009384,0.10092432796955109,0.08554995805025101
20220711_174414,0.08508942170097605,0.34886956214904785,1.9692528439918533e-05,-0.0066342620660677035,-0.059115693,0.1008063480257988,0.08535053580999374
20220711_174415,0.08514507183564782,0.3489058315753937,4.4413249270292e-05,-0.006630508229274664,-0.059185147,0.10087517648935318,0.08524634689092636
20220711_174415,0.08520473572489044,0.34918415546417236,3.3518556392664323e-06,-0.006609727557280941,-0.05927075,0.10091342777013779,0.08520621806383133
20220711_174415,0.08545069838891939,0.3497241735458374,6.713635957567021e-05,-0.006557261756997423,-0.05967588,0.10086492449045181,0.08490808308124542
20220711_174415,0.08553897224392397,0.34979212284088135,0.00010703573934733868,-0.006457077191156254,-0.059884768,0.1011122316122055,0.08456799387931824
20220711_174415,0.08553142057859148,0.3497656583786011,4.840860583499307e-06,-0.006363086954039093,-0.05990316,0.10116562247276306,0.08445240557193756
20220711_174416,0.08553151796555004,0.3498009145259857,6.327080336632207e-05,-0.006205482718862963,-0.059953697,0.10133295506238937,0.08446446806192398
20220711_174416,0.0855677978260342,0.3498035669326782,9.534095443086699e-05,-0.00601234440334665,-0.06000518,0.10141818225383759,0.0843065083026886
20220711_174416,0.08562524733323619,0.3499673902988434,4.982674363418482e-05,-0.005963336274832519,-0.059981607,0.10152839869260788,0.08453543484210968
20220711_174416,0.08567326358397108,0.3500126898288727,6.184347876114771e-05,-0.005991511029736223,-0.06000358,0.10140866041183472,0.08451461791992188
20220711_174416,0.08569952433881946,0.35005679726600647,0.00014492640912067145,-0.005893805379024986,-0.060007833,0.10149553418159485,0.0844787061214447
20220711_174417,0.08570630813533092,0.350024938583374,3.230179936508648e-05,-0.005785555114346756,-0.05997249,0.10162141919136047,0.08448737859725952
20220711_174417,0.08569040763042886,0.3499091565608978,5.071550913271494e-05,-0.005767861237737845,-0.05992228,0.10148785263299942,0.08435241132974625
20220711_174417,0.08560956681595888,0.34984666109085083,6.465695332735777e-05,-0.0057919845809338375,-0.05988344,0.1014547199010849,0.08424385637044907
20220711_174417,0.08561002985975125,0.35012784600257874,8.035005157580599e-05,-0.005813510660302634,-0.05993726,0.10158698260784149,0.08422916382551193
20220711_174417,0.08564430553667343,0.3501511216163635,4.1365259676240385e-05,-0.005772363999502129,-0.05994504,0.10149754583835602,0.08409475535154343
20220711_174418,0.08563225024480786,0.3501971364021301,6.710079469485208e-05,-0.005730197486732201,-0.059869803,0.10158339887857437,0.08436156064271927
20220711_174418,0.08562895766631308,0.3503017723560333,9.027359919855371e-05,-0.005670530754799984,-0.059794806,0.10162749141454697,0.08455982059240341
20220711_174418,0.08564869852276577,0.35044482350349426,0.00010241376730846241,-0.005650041025973002,-0.05981659,0.10165127366781235,0.08462002128362656
20220711_174418,0.08562464679142857,0.3502746820449829,3.2129200917552225e-06,-0.005641071985906936,-0.05984207,0.1015850305557251,0.08447614312171936
20220711_174418,0.08562659575506666,0.3502967953681946,9.130104444921017e-05,-0.005642334826013769,-0.059873212,0.10169574618339539,0.08443468809127808
20220711_174418,0.08573762585469262,0.3504427969455719,4.6420685976045206e-05,-0.005609547022155199,-0.060086306,0.10171777755022049,0.0842304453253746
20220711_174419,0.08587759559635065,0.35054096579551697,1.934373904077802e-05,-0.005568592281769824,-0.06039849,0.10176815092563629,0.08367586135864258
20220711_174419,0.08586916641466211,0.3505449593067169,6.448222120525315e-05,-0.005490406964085952,-0.06042458,0.10189902782440186,0.08349078893661499
20220711_174419,0.08582383888758419,0.3502015769481659,7.18242081347853e-05,-0.005446358644178194,-0.060383815,0.10188852995634079,0.08331999182701111
20220711_174419,0.08580765871812922,0.3502669036388397,8.103773870971054e-05,-0.00542039249296993,-0.060405258,0.10188491642475128,0.0832163617014885
20220711_174419,0.08583362026209362,0.3502713739871979,9.638717165216804e-05,-0.005346351959370155,-0.060522318,0.10196924954652786,0.08289819210767746
20220711_174420,0.08585463371899796,0.3501794636249542,4.976759009878151e-05,-0.005283757104406371,-0.06057314,0.10197582095861435,0.08273127675056458
20220711_174420,0.08591508814730418,0.35037901997566223,5.4947151511441916e-05,-0.0051875271117060905,-0.060610253,0.10190226137638092,0.08272042870521545
20220711_174420,0.08599586741400672,0.3504023551940918,5.02968869113829e-05,-0.005159903188060964,-0.060746294,0.10197766870260239,0.08267722278833389
20220711_174420,0.08603085081718133,0.35044220089912415,0.00015818577958270907,-0.005149591824695324,-0.060773544,0.10206583887338638,0.08258144557476044
20220711_174420,0.08605709392582384,0.3504812717437744,0.00018882052972912788,-0.005086009694500334,-0.060798258,0.10210222005844116,0.08246687054634094
20220711_174421,0.08614330979186731,0.3506028354167938,4.149488086113706e-05,-0.005036098792077686,-0.060910262,0.1021428108215332,0.08233418315649033
20220711_174421,0.08616835820251975,0.3506695330142975,0.00013652921188622713,-0.005021744836717395,-0.06092312,0.10231348127126694,0.08227149397134781
20220711_174421,0.08621996145589296,0.3507511019706726,0.00013349246000871062,-0.004951357229173441,-0.060964663,0.10248150676488876,0.08228722959756851
20220711_174421,0.08622422526996486,0.3507024943828583,5.4364096286008134e-05,-0.004896843940047229,-0.060966726,0.10257165879011154,0.08229470998048782
20220711_174421,0.0862402614364816,0.35069167613983154,0.00018937930872198194,-0.0048288796623019445,-0.060991142,0.10259008407592773,0.08230995386838913
20220711_174422,0.08623699900089309,0.3505695164203644,0.00010399095481261611,-0.004770425961011131,-0.061032433,0.10272994637489319,0.08230877667665482
20220711_174422,0.08626107311275609,0.35068216919898987,8.191449887817726e-05,-0.004729654209245413,-0.06110009,0.1027841866016388,0.08228123933076859
20220711_174422,0.08633724612236274,0.350837767124176,9.083432087209076e-05,-0.004653402068511207,-0.0612273,0.103061743080616,0.08213159441947937
20220711_174422,0.08653822009373735,0.35113292932510376,0.00011145551252411678,-0.004609772816022238,-0.061695613,0.10314538329839706,0.08160650730133057
20220711_174422,0.08655509134047987,0.3511103689670563,4.852567508351058e-05,-0.004503881336898421,-0.061768092,0.10323415696620941,0.08161656558513641
20220711_174423,0.08654982248871274,0.350935697555542,1.8115686543751508e-05,-0.004404284220849084,-0.06180677,0.10346107929944992,0.08147181570529938
20220711_174423,0.08656356082205754,0.35100921988487244,7.695758540648967e-05,-0.004304981893515111,-0.061823543,0.10371638089418411,0.0815601721405983
20220711_174423,0.08646931129211888,0.3508337736129761,2.767250407487154e-05,-0.004280575946272561,-0.061709158,0.10367226600646973,0.08161001652479172
20220711_174423,0.08647007125625587,0.35088181495666504,9.557569137541577e-05,-0.004248393936902753,-0.06169473,0.1038893386721611,0.08170106261968613
20220711_174423,0.08650607148364108,0.35087740421295166,1.2753543160215486e-05,-0.00427805759299855,-0.061821945,0.10390490293502808,0.08152393996715546
20220711_174423,0.08654846784870748,0.3509635329246521,5.1997627451783046e-05,-0.004307296854434046,-0.061992105,0.1039099246263504,0.08131793141365051
20220711_174424,0.08657724965901101,0.35103029012680054,4.46296289737802e-05,-0.00425119276220443,-0.062085256,0.10396698862314224,0.0811728909611702
20220711_174424,0.08660503511518236,0.3510673940181732,6.998105527600273e-05,-0.004239910081123691,-0.06215588,0.10390298068523407,0.08109506219625473
20220711_174424,0.08653917831465184,0.3508070707321167,7.731313417025376e-06,-0.0042106121210590585,-0.062126018,0.10400491207838058,0.08107177913188934
20220711_174424,0.08650312435090544,0.3506014049053192,0.00013910798588767648,-0.004107608357481762,-0.062095705,0.10408469289541245,0.08114296942949295
20220711_174424,0.08652648538724905,0.3507136404514313,0.00016575462359469384,-0.00402293122645016,-0.06216374,0.10415526479482651,0.08119120448827744
20220711_174425,0.0865145394570073,0.3505985736846924,0.0001033110311254859,-0.0039753425623376,-0.06218536,0.1042686328291893,0.0811939537525177
20220711_174425,0.0865335361036909,0.3502050042152405,8.185828482965007e-05,-0.003871667679579602,-0.06223916,0.104423888027668,0.08136992901563644
20220711_174425,0.08654996744519929,0.3502044379711151,9.428221528651193e-05,-0.0037714824466803655,-0.062240627,0.10464097559452057,0.0815957561135292
20220711_174425,0.08656621655775493,0.35018521547317505,2.3694170522503555e-05,-0.003669961087598115,-0.062285215,0.10478733479976654,0.08163557201623917
20220711_174425,0.08659764028838522,0.3502444922924042,7.351726526394486e-05,-0.0036316781337731043,-0.062371437,0.104854054749012,0.08155553042888641
20220711_174426,0.08656146145560678,0.3502669036388397,6.745031714672223e-05,-0.0035061026398117505,-0.062304623,0.10511409491300583,0.08166246861219406
20220711_174426,0.08660529865152958,0.35054177045822144,8.966310269897804e-05,-0.0033864647351190273,-0.062315784,0.1053294837474823,0.08176840096712112
20220711_174426,0.08660463080374103,0.35035815834999084,0.0001110317389247939,-0.003322652881724234,-0.062321246,0.10541936755180359,0.08187928050756454
20220711_174426,0.08661192285471842,0.3503757417201996,5.768362825619988e-05,-0.003239151263429192,-0.06237384,0.10566620528697968,0.0819898247718811
20220711_174426,0.08666975108591453,0.350538969039917,1.3690120795217808e-05,-0.0032012128096574146,-0.062488467,0.10582396388053894,0.08200767636299133
20220711_174427,0.08665093938073443,0.3505275547504425,7.032872235868126e-05,-0.003123134033434357,-0.06247334,0.1059548556804657,0.08200399577617645
20220711_174427,0.08667400190915804,0.3505702018737793,0.00012654621968977153,-0.0030196195762509015,-0.062407758,0.10602453351020813,0.08223286271095276
20220711_174427,0.08670527434160911,0.35068538784980774,7.953523163450882e-05,-0.0029385302816335125,-0.062400922,0.1061389148235321,0.08217959851026535
20220711_174427,0.08676228658258257,0.35069984197616577,0.00011230608652113006,-0.002877277137253071,-0.06255751,0.10630971938371658,0.08203015476465225
20220711_174427,0.08688338894311211,0.3509540855884552,5.305412196321413e-05,-0.002897277270452433,-0.06285951,0.10632045567035675,0.08177949488162994
20220711_174428,0.08686267357247261,0.35080277919769287,4.922522930428386e-05,-0.002843103102749327,-0.062844545,0.10620728135108948,0.08171012997627258
20220711_174428,0.08693250164592815,0.351052850484848,9.650785068515688e-05,-0.002730049028254558,-0.0629548,0.10630964487791061,0.08166705816984177
20220711_174428,0.08703201720274364,0.3513348698616028,7.832642586436123e-05,-0.0026119717235553773,-0.063121706,0.1066320389509201,0.08159176260232925
20220711_174428,0.08707431751094878,0.351386159658432,4.874874866800383e-05,-0.0025119531622144007,-0.06327254,0.10684722661972046,0.0814356803894043
20220711_174428,0.08712268276923435,0.35149407386779785,8.635403355583549e-05,-0.0024035371568142424,-0.063346334,0.10710799694061279,0.08139096945524216
20220711_174429,0.08717077018836751,0.3515753448009491,0.00017694772395770997,-0.0023413201090137768,-0.06342396,0.10721244663000107,0.08128818869590759
20220711_174429,0.08723212428390048,0.3516225218772888,0.00012178015458630398,-0.0022935981896677385,-0.06351338,0.10731416940689087,0.08134476095438004
20220711_174429,0.08736672117619373,0.3518940210342407,8.838810754241422e-05,-0.002280108316751566,-0.063808665,0.10727504640817642,0.08115477114915848
20220711_174429,0.0873977892167914,0.3519562780857086,8.421083475695923e-05,-0.0022448211853325394,-0.063866705,0.10728783160448074,0.08113803714513779
20220711_174429,0.08740853046312246,0.35195592045783997,0.00013289118942338973,-0.00221682998350144,-0.063886836,0.10726695507764816,0.08113613724708557
20220711_174429,0.08746355863656412,0.3520410656929016,6.364739965647459e-05,-0.002187846703257984,-0.06396408,0.10733352601528168,0.08107247203588486
20220711_174430,0.08745602131430669,0.3520107865333557,3.3713135053403676e-05,-0.002132725117441334,-0.0639334,0.10744919627904892,0.08110180497169495
20220711_174430,0.0874785594051056,0.35207250714302063,5.520826016436331e-05,-0.0021224986036031015,-0.063988715,0.1074899286031723,0.08106140047311783
20220711_174430,0.08750229662188463,0.3519893288612366,9.497374412603676e-05,-0.0020393148848415086,-0.06405725,0.10768996924161911,0.08099894225597382
20220711_174430,0.08756636620052173,0.3522564768791199,0.00013602939725387841,-0.00193443657746981,-0.06415061,0.10788150876760483,0.0810953751206398
20220711_174430,0.08750794654407444,0.3518853485584259,0.00015039750724099576,-0.0018512090689046965,-0.06408743,0.10799553245306015,0.08117210119962692
20220711_174431,0.08747919840283092,0.3520973026752472,0.00015190137492027134,-0.0017362369419362197,-0.0640059,0.10820940881967545,0.08128684759140015
20220711_174431,0.08753456256786354,0.35245251655578613,0.00010292806109646335,-0.00159527715774981,-0.06403595,0.10851828008890152,0.08144409954547882
20220711_174431,0.08760475179771543,0.35243168473243713,0.00011220160376979038,-0.0014388451753521538,-0.06412839,0.1085699051618576,0.08147219568490982
20220711_174431,0.08766461586784154,0.35257911682128906,5.206130299484357e-05,-0.0012947746698903787,-0.06415347,0.10863164067268372,0.08148767054080963
20220711_174431,0.08768796340661573,0.3524712920188904,3.3781048841774464e-05,-0.0011776582160807946,-0.06413917,0.10905243456363678,0.08166045695543289
20220711_174432,0.08776783347637371,0.3527300953865051,1.5940287994453683e-05,-0.0011271837644062986,-0.064233296,0.10896608978509903,0.08146283775568008
20220711_174432,0.08789775760575821,0.35282447934150696,7.76100714574568e-05,-0.0011096189480757222,-0.06444175,0.10895591974258423,0.08114112913608551
20220711_174432,0.08807843623679253,0.35331442952156067,0.00024983848561532795,-0.0011104383596774706,-0.064742796,0.10894739627838135,0.08094441145658493
20220711_174432,0.08795524152144357,0.352938175201416,0.00012013752711936831,-0.000992719511771862,-0.0645681,0.10926499217748642,0.08107730746269226
20220711_174432,0.08788502011668675,0.3524039685726166,4.6021013986319304e-05,-0.0008761391601500213,-0.06446661,0.10927364975214005,0.08122534304857254
20220711_174433,0.0877801770020756,0.35209593176841736,4.022581924800761e-05,-0.0007468913937639342,-0.06422912,0.10935181379318237,0.0814734473824501
20220711_174433,0.08774625934727809,0.35194796323776245,7.2753697168082e-05,-0.0006326130645048293,-0.064123616,0.10944869369268417,0.081817626953125
20220711_174433,0.0877302976601794,0.3519500494003296,0.00011802596418419853,-0.0005594766378513386,-0.06408496,0.1094614565372467,0.08189292252063751
20220711_174433,0.08769612917666994,0.35182666778564453,0.00017213656974490732,-0.00045968351454349083,-0.064021885,0.10952885448932648,0.0820256769657135
20220711_174433,0.08764186061136744,0.3516581654548645,0.00013832791591994464,-0.00039447017594187295,-0.06393462,0.10955429822206497,0.08205082267522812
20220711_174434,0.0876142521231971,0.3515670895576477,0.00013432059495244175,-0.0003308572360399924,-0.06386403,0.10967352241277695,0.08214258402585983
20220711_174434,0.0875376208949537,0.3513338565826416,0.0001355571876047179,-0.00027649251449859887,-0.06370798,0.10967104882001877,0.08248434960842133
20220711_174434,0.08748232163701536,0.3513464331626892,0.00013871518603991717,-0.0002123515839395603,-0.063536696,0.10966866463422775,0.08270347863435745
20220711_174434,0.08742318010189801,0.3513137996196747,3.6421897675609216e-05,-0.00011318021691703185,-0.06338899,0.10984361916780472,0.08275743573904037
20220711_174434,0.08737383345791748,0.35126399993896484,8.832399907987565e-05,4.352033623661741e-05,-0.06325422,0.11013548076152802,0.08284228295087814
20220711_174435,0.08739766468677998,0.3512051999568939,6.344175926642492e-05,0.0001330318744078606,-0.0632671,0.11014660447835922,0.08268346637487411
20220711_174435,0.08737069822477682,0.3511424958705902,1.264667389477836e-05,0.00020100057379687723,-0.06328862,0.11021070182323456,0.08262404799461365
20220711_174435,0.08733126890335158,0.35113248229026794,0.0001659174304222688,0.00030431254266518606,-0.063212104,0.11045605689287186,0.08268336951732635
20220711_174435,0.0873140613516987,0.35094547271728516,0.00016320060240104795,0.00038383624084685497,-0.06314058,0.11041416227817535,0.08255424350500107
20220711_174435,0.08731472176516449,0.3509424030780792,0.00020123017020523548,0.0004484003309144201,-0.063127,0.11027862131595612,0.08265122771263123
20220711_174436,0.08725471619638182,0.35079342126846313,0.0001902223302749917,0.00045218752119782047,-0.06306211,0.1102999821305275,0.08274216204881668
20220711_174436,0.08720062343769368,0.3507516384124756,5.681038601323962e-05,0.00046303868526065956,-0.062898286,0.11026597023010254,0.08291137218475342
20220711_174436,0.08720489760183753,0.3508624732494354,8.964934386312962e-05,0.0004863863880622654,-0.06289109,0.11034932732582092,0.08286407589912415
20220711_174436,0.0871975747053616,0.35090917348861694,3.838581687887199e-05,0.0005525498373591953,-0.0628188,0.11053101718425751,0.08301831781864166
20220711_174436,0.08726127666530605,0.35106363892555237,7.010292756604031e-05,0.000605968126553568,-0.062868886,0.11058634519577026,0.08291786164045334
20220711_174437,0.0873084023757022,0.3511035740375519,7.275386451510713e-05,0.0006368844509856849,-0.06290462,0.11065822094678879,0.08271447569131851
20220711_174437,0.08732511893435342,0.3512231707572937,8.375821926165372e-05,0.0006274109492222604,-0.06286747,0.11052940040826797,0.08272724598646164
20220711_174437,0.08737589749963963,0.3512215316295624,5.3413736168295145e-05,0.0006719562945992349,-0.06292511,0.110626719892025,0.08271631598472595
20220711_174437,0.08742796641050934,0.3513268530368805,5.74221667193342e-05,0.0007131300056973522,-0.062955186,0.11073093861341476,0.08273990452289581
20220711_174437,0.08749254642791038,0.3514752686023712,1.3989321814733557e-05,0.0007037528077960495,-0.06299187,0.11075117439031601,0.08259072154760361
20220711_174438,0.0875421257996057,0.3516288101673126,7.651834312127903e-05,0.0007270215754379177,-0.063068055,0.11069386452436447,0.08252087980508804
20220711_174438,0.08759717531099181,0.3516344130039215,6.530322571052238e-05,0.0008030075432152546,-0.063123986,0.1107284426689148,0.08254900574684143
20220711_174438,0.08758932183483818,0.3516138195991516,0.00012912343663629144,0.0008534301520050581,-0.06308474,0.11072403937578201,0.08233824372291565
20220711_174438,0.08756733789971315,0.3515112102031708,5.1133112719981e-05,0.0008701451877151387,-0.06302548,0.11064484715461731,0.08234553784132004
20220711_174438,0.08752452796497025,0.3514186143875122,9.105142817134038e-05,0.000883606593495639,-0.06293223,0.11060739308595657,0.08233346790075302
20220711_174439,0.08749691038763308,0.3513968586921692,2.1573459889623336e-05,0.0008749954475148112,-0.06285654,0.11067661643028259,0.08253887295722961
20220711_174439,0.08750670547895766,0.35145705938339233,2.9828846891177818e-05,0.0008671741037565325,-0.062824145,0.11066026985645294,0.08269202709197998
20220711_174439,0.0875274769627014,0.3514866828918457,0.00010398926679044962,0.0009029552940671594,-0.06280674,0.11076851934194565,0.08268260955810547
20220711_174439,0.08749667000140626,0.3513348698616028,4.308466668589972e-05,0.0009923394621985625,-0.06274147,0.11090926080942154,0.08277913928031921
20220711_174439,0.08751582307842844,0.3513294756412506,2.6706005883170292e-05,0.001031377823648369,-0.062717274,0.11091841012239456,0.08272209763526917
20220711_174440,0.08754210522332041,0.35145407915115356,8.529248589184135e-05,0.0010935548596736192,-0.062739715,0.11098182946443558,0.08266528695821762
20220711_174440,0.08753867638070269,0.3515404760837555,0.00012984813656657934,0.0011769761833054452,-0.06272276,0.11117143929004669,0.08259644359350204
20220711_174440,0.08749285680559908,0.3515247702598572,6.665673572570086e-05,0.001208582163200731,-0.06264875,0.11122617870569229,0.08276013284921646
20220711_174440,0.0874330336026277,0.3514632284641266,1.3353353097045328e-05,0.001253953404771955,-0.06256436,0.11139576882123947,0.0829753428697586
20220711_174441,0.08738830879034083,0.3514052927494049,5.768908158643171e-05,0.0013177163889339465,-0.06254033,0.11141688376665115,0.08286599814891815
20220711_174441,0.08739114367057663,0.3515164852142334,7.990153972059488e-05,0.0013717176171419313,-0.06258397,0.11144909262657166,0.08291799575090408
20220711_174441,0.08740750062107386,0.3514489531517029,0.00010659171675797552,0.001448356182073238,-0.06258713,0.11158328503370285,0.0828896164894104
20220711_174441,0.08744624980064276,0.3516078591346741,0.00011897244985448197,0.001496776370559796,-0.062567964,0.11170627176761627,0.08310364186763763
20220711_174441,0.08751517843928905,0.3517836630344391,2.9315910069271922e-05,0.001544290792172426,-0.062650174,0.11180361360311508,0.0830339714884758
20220711_174442,0.08755465742283171,0.35185950994491577,0.00010630270844558254,0.001546419841444711,-0.06269512,0.11185149103403091,0.08303092420101166
20220711_174442,0.08754737588328237,0.35188308358192444,0.00011297883611405268,0.0015156497320028951,-0.0627451,0.11175964772701263,0.08294609934091568
20220711_174442,0.08760814302192114,0.35199084877967834,0.00011665789497783408,0.0014783687538541242,-0.062832326,0.11179200559854507,0.08284320682287216
20220711_174442,0.08762862162273044,0.3520354628562927,5.9450096159707755e-05,0.001478174763898027,-0.06283995,0.11180330067873001,0.08300773799419403
20220711_174442,0.08765646742005556,0.3521227538585663,5.007746221963316e-05,0.0014769039759411308,-0.06286276,0.11165774613618851,0.08294937014579773
20220711_174443,0.08768519850490018,0.35225236415863037,5.847234569955617e-05,0.0014828392868559946,-0.062856264,0.11171496659517288,0.08289072662591934
20220711_174443,0.08778889253455534,0.35235995054244995,0.00013909241533838212,0.0014559715611961034,-0.06298597,0.11166197806596756,0.08279294520616531
20220711_174443,0.08789941766913123,0.3525969088077545,6.864491297164932e-05,0.0014173333458846798,-0.06313051,0.11154978722333908,0.08260025829076767
20220711_174443,0.08799484180405182,0.35269302129745483,0.00015013787196949124,0.0014520153495274505,-0.06324031,0.11156067252159119,0.0825795829296112
20220711_174443,0.0880646598198984,0.35285860300064087,1.5195212654361967e-05,0.0015028226449227183,-0.0633146,0.11161620914936066,0.08258071541786194
20220711_174444,0.08809692869190291,0.35304078459739685,2.5284174625994638e-05,0.0015300603826976518,-0.06334831,0.11163594573736191,0.08255375921726227
20220711_174444,0.08807933223215378,0.3528740108013153,8.588752098148689e-05,0.0015603848027167682,-0.06335505,0.11160475760698318,0.082524374127388
20220711_174444,0.08810321268485678,0.3529714345932007,6.774500798201188e-05,0.0015615606219108677,-0.06337847,0.111660435795784,0.08257166296243668
20220711_174444,0.08812610210253956,0.35297614336013794,0.00014502156409434974,0.0015871366099243236,-0.06340986,0.11161822080612183,0.08264870941638947
20220711_174444,0.08818527995595477,0.3531312644481659,3.194923556293361e-05,0.0015798997104737374,-0.06350134,0.11167185008525848,0.0825667679309845
20220711_174445,0.08825093628759481,0.3532247543334961,8.40783686726354e-05,0.0015416258546174463,-0.06364073,0.11159847676753998,0.08242491632699966
20220711_174445,0.08823666433810569,0.3532044589519501,9.580110054230317e-05,0.001548432808678176,-0.0636372,0.11159655451774597,0.08241274952888489
20220711_174445,0.08823684610882208,0.3532736003398895,4.3513395212357864e-05,0.0015249308895763146,-0.06366592,0.11164729297161102,0.0824100449681282
20220711_174445,0.08827539036758461,0.3534340560436249,7.725172326900065e-05,0.0015170427196668297,-0.06375784,0.11166390776634216,0.08230894058942795
20220711_174445,0.08829350889003204,0.3534146547317505,8.496865484630689e-05,0.0015031245484334631,-0.06381387,0.11167844384908676,0.08220837265253067
20220711_174446,0.08831269055732534,0.353504478931427,0.0001689857163000852,0.0014673384782547933,-0.0638729,0.11166580021381378,0.08221784234046936
20220711_174446,0.08828488722056767,0.3535037338733673,0.00011966005695285276,0.0014475030054888318,-0.06385608,0.11167117953300476,0.08228307962417603
20220711_174446,0.08826862276765592,0.3534299433231354,0.00010262749856337905,0.001446419295501494,-0.06382912,0.11169345676898956,0.08231112360954285
20220711_174446,0.0882208660214928,0.35329368710517883,0.00012900766159873456,0.0014148561879833402,-0.06379546,0.11166729032993317,0.08232658356428146
20220711_174446,0.08815602607050307,0.35320889949798584,0.00016319150745403022,0.0013426714642297245,-0.06375235,0.11159609258174896,0.08231251686811447
20220711_174447,0.08810209487058732,0.35316234827041626,0.00018894649110734463,0.0012541566426884708,-0.063738994,0.11153637617826462,0.08229938894510269
20220711_174447,0.0880239838686893,0.3531394302845001,0.00014357214968185872,0.0012548145202811905,-0.06367954,0.11159247905015945,0.08230789750814438
20220711_174447,0.08799553354173617,0.353159636259079,0.00013021034828852862,0.0012719782711173846,-0.06365738,0.11171521991491318,0.08229108899831772
20220711_174447,0.08802568720082955,0.3532905578613281,0.00015367571904789656,0.0013091296137893364,-0.06370673,0.11180209368467331,0.08234965056180954
20220711_174447,0.08803832588853883,0.3532472252845764,0.00011750969133572653,0.0013757481838410938,-0.063705504,0.11169182509183884,0.0823574885725975
20220711_174447,0.08800526195754665,0.3531527817249298,0.00010780177399283275,0.0014092123549904675,-0.063635826,0.1118650734424591,0.08239835500717163
20220711_174448,0.08800646245603073,0.3531756103038788,4.575630373437889e-05,0.001420142200433309,-0.06364438,0.11188485473394394,0.08237361162900925
20220711_174448,0.08801115017794862,0.35321733355522156,1.9975101167801768e-05,0.0013845558475161614,-0.063639484,0.1118571013212204,0.08240821957588196
20220711_174448,0.0879694265145811,0.3531763553619385,0.00010113609459949657,0.00132579866853785,-0.06361719,0.1117587611079216,0.08232931047677994
20220711_174448,0.08790597192747661,0.35313940048217773,8.584463648730889e-05,0.0012939475984185763,-0.06356405,0.11173129081726074,0.08241602778434753
20220711_174448,0.08786624076377451,0.35308077931404114,2.8424026822904125e-05,0.0013034147935131403,-0.063517794,0.11188647896051407,0.08235055953264236
20220711_174449,0.08787059499734248,0.353104829788208,3.6828805605182424e-05,0.0013171714323676814,-0.06349186,0.11181730777025223,0.08242768794298172
20220711_174449,0.08789038339701369,0.3531154990196228,3.6845824070042e-05,0.001362751080441514,-0.063493975,0.11181382089853287,0.08254678547382355
20220711_174449,0.08793821786669004,0.35319387912750244,3.3517546398798004e-05,0.0013870983807733608,-0.06352408,0.11188466846942902,0.08269411325454712
20220711_174449,0.0879606426860733,0.35329174995422363,5.3002026106696576e-05,0.0013894138300276076,-0.06357822,0.11214321851730347,0.08266942948102951
20220711_174449,0.08796582546926211,0.3532273471355438,8.000432717381045e-05,0.0014182577151686851,-0.06358687,0.11223524808883667,0.08275153487920761
20220711_174450,0.08799706622302425,0.3533632159233093,6.206840771483257e-05,0.0014324452924953483,-0.06364422,0.11223504692316055,0.08268343657255173
20220711_174450,0.08805785358179205,0.35344332456588745,6.190407293615863e-05,0.0014368213191221148,-0.063754424,0.11219005286693573,0.08253695070743561
20220711_174450,0.08810361737227794,0.3534417450428009,9.568087261868641e-05,0.0014728526746347536,-0.06385503,0.11220261454582214,0.08233246952295303
20220711_174450,0.08809940568766933,0.3531964123249054,2.887284972530324e-05,0.001527777689638966,-0.063869394,0.11229263246059418,0.08242136240005493
20220711_174450,0.08809949679699766,0.3531596064567566,9.03050895431079e-05,0.0015687554892942622,-0.06388631,0.1124115139245987,0.08217146247625351
20220711_174451,0.08811146727675036,0.35328227281570435,8.257619629148394e-05,0.0016039249829366351,-0.06389467,0.1125156581401825,0.08216364681720734
20220711_174451,0.08810150020002384,0.3532007932662964,2.105597195622977e-05,0.001690922254067442,-0.06388486,0.11261606961488724,0.08220642060041428
20220711_174451,0.0880853508966974,0.3531704545021057,6.639625644311309e-05,0.0017545121561206736,-0.06386214,0.11266491562128067,0.08230189234018326
20220711_174451,0.08804876440884099,0.3530240058898926,3.383263901923783e-05,0.0017604885106163042,-0.06382853,0.11264655739068985,0.08226025104522705
20220711_174451,0.08801535480006094,0.35293832421302795,0.00010318226122763008,0.0017652337827678858,-0.06383032,0.11272861063480377,0.08227906376123428
20220711_174452,0.08800317175288656,0.3529272675514221,7.663480209885165e-05,0.0017731379849199355,-0.06383852,0.11278636008501053,0.08227740228176117
20220711_174452,0.08800964083175944,0.35298264026641846,0.00012377819803077728,0.0017964942603929163,-0.063866094,0.11283469200134277,0.0822644904255867
20220711_174452,0.0879932429915095,0.3530333340167999,9.507953654974699e-05,0.0018937296184605946,-0.06383646,0.11299555003643036,0.08240178972482681
20220711_174452,0.0880002224011946,0.35308656096458435,0.0001121669847634621,0.0018958498850057636,-0.06384365,0.113036148250103,0.08236660063266754
20220711_174452,0.08799672686146516,0.3530936539173126,0.00018565730715636164,0.0018467185529758194,-0.06390907,0.11294037103652954,0.08237602561712265
20220711_174453,0.08800153028122014,0.35309678316116333,0.00015206258103717119,0.0018605731852315028,-0.06392467,0.11296310275793076,0.08234313875436783
20220711_174453,0.08800350008103444,0.35310620069503784,7.894464215496555e-05,0.001882933100005811,-0.06390784,0.11296956241130829,0.08238188922405243
20220711_174453,0.08798412703289432,0.3530384600162506,3.1904946808936074e-05,0.0018932585922595685,-0.06388225,0.11303014308214188,0.08242402970790863
20220711_174453,0.08799743033370301,0.3531733751296997,0.00011429672304075211,0.0018942090426174853,-0.06390926,0.1130174919962883,0.08238663524389267
20220711_174453,0.08805444265849241,0.35330474376678467,0.00013842996850144118,0.001917918735788691,-0.06401182,0.11307325214147568,0.08236417174339294
20220711_174454,0.08809740997259966,0.35333600640296936,0.00013197390944696963,0.001955142217591683,-0.06406687,0.11307559907436371,0.0823487639427185
20220711_174454,0.08812920039697325,0.3533250391483307,0.00010078271589009091,0.001972945469293808,-0.064117245,0.11310774087905884,0.08230919390916824
20220711_174454,0.08816813631611393,0.3533879220485687,0.00011248112423345447,0.002001571422174122,-0.06414021,0.11307961493730545,0.08231108635663986
20220711_174454,0.08817069893933296,0.35335204005241394,0.0001023770819301717,0.002004327228159905,-0.06414436,0.11307879537343979,0.08230315893888474
20220711_174454,0.08820330104445852,0.35340461134910583,9.47271182667464e-05,0.0020259182405509796,-0.06418835,0.11309607326984406,0.08223528414964676
20220711_174455,0.08824614577400851,0.3534829318523407,5.0847775128204376e-05,0.0020468485425183336,-0.0642577,0.11311452835798264,0.08212573826313019
20220711_174455,0.08826691473610555,0.35349446535110474,4.702654041466303e-05,0.0020701742892315616,-0.06427662,0.11313584446907043,0.08210258185863495
20220711_174455,0.0882932015218916,0.3535354435443878,9.360533294966444e-05,0.0021376375793131755,-0.06430136,0.11316604912281036,0.08214776962995529
20220711_174455,0.08832001938711594,0.35362914204597473,7.433073915308341e-05,0.0022186885432131666,-0.06433088,0.11325345188379288,0.08217703551054001
20220711_174455,0.08838883219531297,0.3537490665912628,8.714387513464317e-05,0.0022790077411612877,-0.06437063,0.11333160102367401,0.082242451608181
20220711_174455,0.08845130025566897,0.3538413643836975,0.00010884394578170031,0.00230733169274848,-0.06442057,0.11334959417581558,0.08225713670253754
20220711_174456,0.08843817009627322,0.3537443280220032,8.642265311209485e-05,0.0022894202860148445,-0.064410664,0.11328019946813583,0.08224248141050339
20220711_174456,0.08844938158915033,0.35373595356941223,6.998920434853062e-05,0.0023038387783846682,-0.064415835,0.11332341283559799,0.08225420862436295
20220711_174456,0.0884933389323491,0.3537302315235138,6.812818173784763e-05,0.0023363146174992747,-0.06446723,0.11337924003601074,0.08231490850448608
20220711_174456,0.0885118853342757,0.35372400283813477,0.00011613001697696745,0.002364630371852451,-0.06449147,0.11342822015285492,0.08229658752679825
20220711_174456,0.08853815130556844,0.3537493646144867,0.00012525927741080523,0.0023940416549320526,-0.06453034,0.11349932849407196,0.08225405961275101
20220711_174456,0.08853329765102454,0.353757381439209,0.0001277645060326904,0.0024369066365521256,-0.06453569,0.11359122395515442,0.08221609145402908
20220711_174456,0.08853005465337063,0.3537474274635315,5.614961628452875e-05,0.0024655681988845985,-0.06455367,0.1136765405535698,0.0821947455406189
20220711_174457,0.08855969370200761,0.35383743047714233,8.973206422524527e-05,0.002521749732932135,-0.06456745,0.1137491837143898,0.08224312216043472
20220711_174457,0.08861261623562496,0.3538956940174103,6.928262155270204e-05,0.002571366624778382,-0.06462538,0.113776296377182,0.08215659856796265
20220711_174457,0.08864354027117641,0.35392341017723083,7.936740439618006e-05,0.0025991089452661455,-0.064680964,0.11375667154788971,0.08201038092374802
20220711_174457,0.08865603931705007,0.3539428412914276,5.035355206928216e-05,0.0026362471652938316,-0.06469746,0.1137654259800911,0.08195985108613968
20220711_174457,0.08867864044602751,0.35401418805122375,2.2645117496722378e-05,0.00264519053643962,-0.0647454,0.11374960839748383,0.08185680210590363
20220711_174457,0.08868294292844038,0.3540232181549072,1.0249874321743846e-05,0.0026727049770166526,-0.06474592,0.11372135579586029,0.08185503631830215
20220711_174457,0.088699391556698,0.35404497385025024,7.315717812161893e-05,0.0027142042054212182,-0.06475986,0.11374551057815552,0.08182715624570847
20220711_174458,0.08866160829257447,0.35382068157196045,6.855829269625247e-05,0.0027897281311305582,-0.064709425,0.11393841356039047,0.08175479620695114
20220711_174458,0.08866150848780102,0.35388413071632385,3.290536187705584e-05,0.0029168806144426506,-0.06463726,0.11416102200746536,0.08206810802221298
20220711_174458,0.0886592068777147,0.35398414731025696,6.766871956642717e-05,0.0030124394396588727,-0.06456752,0.11442793160676956,0.08212311565876007
20220711_174458,0.08872473684644504,0.3541822135448456,6.156077142804861e-05,0.0031098632524153664,-0.0645769,0.1145988404750824,0.08234654366970062
20220711_174458,0.08875312359064472,0.3540084958076477,3.842782825813629e-05,0.0032182934328296078,-0.06457297,0.11484172940254211,0.08224571496248245
20220711_174458,0.08884127353421935,0.35406017303466797,9.943509212462232e-05,0.0033598846157907765,-0.06462274,0.11495692282915115,0.08214664459228516
20220711_174458,0.0889029822910264,0.35411956906318665,6.448906060541049e-05,0.0034893521613319654,-0.064643756,0.11508303880691528,0.08219100534915924
20220711_174458,0.08895653922127242,0.35416051745414734,2.7183077691006474e-05,0.003608158075096529,-0.0646868,0.11524058133363724,0.08213803917169571
20220711_174459,0.08902058461785302,0.35430675745010376,7.671461207792163e-05,0.00373247781816991,-0.0647098,0.11537684500217438,0.08212388306856155
20220711_174459,0.08909931301249992,0.35431334376335144,7.11115644662641e-05,0.003817343467884463,-0.0647953,0.11554846167564392,0.0820007175207138
20220711_174459,0.08919358702341072,0.3544272780418396,5.050334948464297e-05,0.00393921597482781,-0.06489304,0.11563635617494583,0.08192128688097
20220711_174459,0.08933031409543443,0.3547675609588623,4.0150145650841296e-05,0.004138286579912109,-0.06505242,0.11584505438804626,0.081824891269207
20220711_174459,0.08947372202894079,0.35479679703712463,1.317724399996223e-05,0.004804538836225839,-0.06497871,0.11664983630180359,0.08191783726215363
20220711_174459,0.08981531194008865,0.35505521297454834,0.00020979181863367558,0.005918125212356489,-0.06494146,0.11768593639135361,0.0822303295135498
20220711_174459,0.09026178639709066,0.3552987277507782,5.941835115663707e-05,0.007689287541966233,-0.0648151,0.11957254260778427,0.08220288157463074
20220711_174500,0.09100214284934231,0.355867862701416,8.840622467687353e-05,0.010407693965882458,-0.06454553,0.12243790924549103,0.08261251449584961
20220711_174500,0.0920064873788756,0.3559955954551697,8.103351865429431e-05,0.013867608865248546,-0.06418052,0.1257810741662979,0.08301065862178802
20220711_174500,0.0930822303831651,0.3562570810317993,1.4232016837922856e-05,0.017127411048521814,-0.063814744,0.1291281282901764,0.08348635584115982
20220711_174500,0.09438606694242778,0.35687312483787537,0.0001886311365524307,0.020397963234859318,-0.06368668,0.13222190737724304,0.08390616625547409
20220711_174500,0.09576497215597059,0.3573858439922333,7.753277895972133e-05,0.023617341847246325,-0.06358303,0.1352607160806656,0.08423510193824768
20220711_174500,0.09726418635193708,0.3580189645290375,0.0003485027700662613,0.026817011690530114,-0.06357101,0.13825766742229462,0.0842958390712738
20220711_174500,0.09884865674652499,0.35879209637641907,0.00027636103914119303,0.03002824614197263,-0.06357396,0.14129005372524261,0.084300197660923
20220711_174500,0.1005514912879351,0.35970115661621094,0.0004993812763132155,0.03324300411123843,-0.06361551,0.144336998462677,0.08443605899810791
20220711_174501,0.10227800568733839,0.3604859709739685,0.00037982716457918286,0.03646254535727163,-0.06356747,0.1473652720451355,0.08462069928646088
20220711_174501,0.10403111589408486,0.3612325191497803,0.0010888074757531285,0.03963777303304862,-0.063527025,0.15032118558883667,0.08466722816228867
20220711_174501,0.10582845576048938,0.362032413482666,0.0010348687646910548,0.042799679402769984,-0.06347663,0.1532617062330246,0.08481789380311966
20220711_174501,0.10769423984767676,0.3629472553730011,0.0009029147331602871,0.045943657957619385,-0.063466325,0.15621696412563324,0.08493832498788834
20220711_174501,0.1095908309939982,0.3638582229614258,0.0008905900758691132,0.04905494991953014,-0.06347196,0.15910086035728455,0.08498828113079071
20220711_174501,0.11146893517795343,0.36473605036735535,0.0012924730544909835,0.0521662458693402,-0.06342285,0.16202472150325775,0.08507844805717468
20220711_174501,0.11339202022684108,0.3656524121761322,0.0011658900184556842,0.0552480109606836,-0.06342615,0.16493524610996246,0.08512792736291885
20220711_174502,0.11535554198639365,0.366593599319458,0.00113204016815871,0.05830789102192037,-0.063438244,0.16779270768165588,0.08525367081165314
20220711_174502,0.11734904338529413,0.36757752299308777,0.0010542458621785045,0.06137716216861294,-0.06341803,0.1706467866897583,0.08540492504835129
20220711_174502,0.11935423570196217,0.3685861825942993,0.0009201743523590267,0.06439181135142433,-0.06343598,0.17347413301467896,0.08544362336397171
20220711_174502,0.12133602588327072,0.3694601058959961,0.0008483415003865957,0.06740361994425564,-0.06341632,0.17626112699508667,0.08550359308719635
20220711_174502,0.1233510678502659,0.3704786002635956,0.0008606832707300782,0.07040546747131633,-0.06344446,0.17904388904571533,0.0855550691485405
20220711_174502,0.12541311185969345,0.3712766170501709,0.0009308852604590356,0.07347178779274227,-0.063423954,0.1818571388721466,0.08559919893741608
20220711_174502,0.12747901719985816,0.37221378087997437,0.0010208769235759974,0.07651293845587355,-0.06336768,0.18470028042793274,0.0857483446598053
20220711_174502,0.12960154035953228,0.37335675954818726,0.00076927529880777,0.07956952730775405,-0.06331688,0.18763311207294464,0.08602067828178406
20220711_174503,0.13174853326912045,0.374306857585907,0.0005443967529572546,0.08261620966201384,-0.063266344,0.1905045211315155,0.08628515154123306
20220711_174503,0.13393494862924402,0.37542179226875305,0.0005834565381519496,0.08568696471746415,-0.06319222,0.19341866672039032,0.0866672545671463
20220711_174503,0.13616986016610413,0.37662389874458313,0.0008695084834471345,0.08875473176419699,-0.06316706,0.1962708830833435,0.08695990592241287
20220711_174503,0.13836380400996304,0.3778112530708313,0.0004103403480257839,0.09176742095956708,-0.06308931,0.19912230968475342,0.08711817860603333
20220711_174503,0.1405429347623469,0.3790433406829834,0.0025438505690544844,0.09474730253167418,-0.06302486,0.2019679844379425,0.08727969229221344
20220711_174503,0.14274280593110028,0.38025420904159546,0.005247978027909994,0.0977231191889077,-0.062934875,0.20474496483802795,0.08754626661539078
20220711_174503,0.14486977168836995,0.38128918409347534,0.00792958028614521,0.1006114629602448,-0.062817894,0.20788851380348206,0.08761823177337646
20220711_174504,0.1470502286047882,0.3824424743652344,0.010615498758852482,0.10352746550788824,-0.06275222,0.21150287985801697,0.08769388496875763
20220711_174504,0.14924329740693354,0.3836211860179901,0.013233060017228127,0.10642931285908931,-0.06272266,0.2149759978055954,0.08781261742115021
20220711_174504,0.15143388450206555,0.3847604990005493,0.015797272324562073,0.10933343989048606,-0.06270109,0.21840476989746094,0.08771336823701859
20220711_174504,0.15366238084225653,0.38599926233291626,0.018332650884985924,0.11220479943182268,-0.06269826,0.2218460887670517,0.0878421738743782
20220711_174504,0.1559249548364476,0.38733792304992676,0.020831715315580368,0.11507052352473503,-0.06275504,0.225210502743721,0.0879436507821083
20220711_174504,0.15818359197533158,0.3887343406677246,0.023302169516682625,0.11794412186850171,-0.06279033,0.2286776602268219,0.08792553097009659
20220711_174504,0.1604502531618214,0.3899793326854706,0.025746962055563927,0.12081529437754306,-0.0628178,0.23218920826911926,0.08787962049245834
20220711_174504,0.16273380780079633,0.3913334906101227,0.028332851827144623,0.12371381083239515,-0.06283473,0.235713928937912,0.0880056843161583
20220711_174505,0.16502959066428616,0.39261817932128906,0.03092869743704796,0.12661643311365015,-0.06280417,0.23921716213226318,0.08808223158121109
20220711_174505,0.1673506070872072,0.39407482743263245,0.033515814691782,0.12949758939553235,-0.06282212,0.2426132708787918,0.08824507892131805
20220711_174505,0.16963838812580884,0.3953721523284912,0.035987284034490585,0.13236163536690104,-0.06279545,0.2462470680475235,0.08833181858062744
20220711_174505,0.17197468963020157,0.39674726128578186,0.038591574877500534,0.1352524829244331,-0.06275054,0.249778613448143,0.08846139162778854
20220711_174505,0.17431031028600058,0.39816030859947205,0.04109083488583565,0.13813601699439096,-0.06269784,0.2531549632549286,0.08860579133033752
20220711_174506,0.17665180822831747,0.399620920419693,0.04364560544490814,0.14100434889779043,-0.06267462,0.2565739154815674,0.08873491734266281
20220711_174506,0.17896207798235608,0.4009646475315094,0.04609296843409538,0.14386334173714174,-0.062610306,0.2601113021373749,0.08885247260332108
20220711_174506,0.181309107869839,0.40235695242881775,0.04853389039635658,0.14673313916274608,-0.06255044,0.263595849275589,0.08902367949485779
20220711_174506,0.1836523219259785,0.40375664830207825,0.050953809171915054,0.14959474734834666,-0.062464222,0.26708081364631653,0.08912073075771332
20220711_174506,0.18599066905485626,0.405067503452301,0.0534074641764164,0.1524467024242978,-0.06240599,0.2705281972885132,0.08912089467048645
20220711_174506,0.1883649622880647,0.4065285325050354,0.055844299495220184,0.15526995885503844,-0.062436152,0.2739622890949249,0.08923119306564331
20220711_174506,0.19073242457971304,0.407966285943985,0.05826940760016441,0.15810957133600043,-0.06243808,0.2773624062538147,0.08936560899019241
20220711_174507,0.19312313557472918,0.40943992137908936,0.06069030985236168,0.16095122018096852,-0.062397502,0.2807835638523102,0.08954957127571106
20220711_174507,0.1954828959790713,0.4108659327030182,0.0624508298933506,0.16377900226247907,-0.06232937,0.28413182497024536,0.08972056210041046
20220711_174507,0.1979037303451004,0.4123896062374115,0.0619182251393795,0.16664112472793197,-0.06228497,0.28755640983581543,0.08991841226816177
20220711_174507,0.20030879410662114,0.41392549872398376,0.061434388160705566,0.16945520472692102,-0.06227039,0.29091280698776245,0.09003236889839172
20220711_174507,0.2026694029348962,0.4154086112976074,0.06115510314702988,0.1721967927806398,-0.062294535,0.2942306697368622,0.09007313847541809
20220711_174507,0.20503273440264969,0.41691118478775024,0.06034012511372566,0.17493169655211385,-0.062396932,0.297550767660141,0.0901302844285965
20220711_174508,0.2074585994974013,0.4184318780899048,0.059069134294986725,0.1777152264007196,-0.06245452,0.3009016215801239,0.09013953804969788
20220711_174508,0.20985915469778596,0.41998305916786194,0.058088332414627075,0.18046474004889465,-0.062568426,0.3042052388191223,0.09009802341461182
20220711_174508,0.21222041754286622,0.4214896261692047,0.056933365762233734,0.18319670096935822,-0.06262598,0.30758965015411377,0.09008856117725372
20220711_174508,0.21459339882870365,0.4229259192943573,0.05578082427382469,0.1859520473581288,-0.062594615,0.31090521812438965,0.09024765342473984
20220711_174508,0.2169636754854757,0.4244026839733124,0.05476599931716919,0.18869257648037882,-0.06258746,0.3142087459564209,0.09032198786735535
20220711_174508,0.2193561409212582,0.4259570240974426,0.05388826131820679,0.19143438205928318,-0.06260786,0.31751930713653564,0.09040895104408264
20220711_174509,0.22176326995404766,0.4275689721107483,0.05318840965628624,0.19418903453322922,-0.06261398,0.3209058344364166,0.0906069353222847
20220711_174509,0.2241898927890916,0.42910951375961304,0.052638135850429535,0.19695314019736057,-0.06256833,0.3242526054382324,0.09086312353610992
20220711_174509,0.22659580775222363,0.4307660758495331,0.05223586782813072,0.19966547113506808,-0.06252903,0.3275374174118042,0.09092329442501068
20220711_174509,0.2290027566705445,0.4324755072593689,0.05194570869207382,0.20235979817615715,-0.0625938,0.33075907826423645,0.09089412540197372
20220711_174510,0.23146150306670724,0.4342277944087982,0.05192415043711662,0.2050810395500763,-0.062760025,0.33406758308410645,0.09092608839273453
20220711_174510,0.23392976381753822,0.43593114614486694,0.05184677988290787,0.20785853303990084,-0.06279274,0.3374195992946625,0.09098192304372787
20220711_174510,0.23636748127582397,0.4376264810562134,0.05183709040284157,0.2105844521828466,-0.06282761,0.3407464027404785,0.09105625003576279
20220711_174510,0.23883091029463355,0.4393705427646637,0.051907189190387726,0.21333517170272118,-0.06282772,0.34417960047721863,0.09111486375331879
20220711_174511,0.24129413054856869,0.4409823715686798,0.052014030516147614,0.2161304535985204,-0.06274221,0.3474627733230591,0.09122274070978165
20220711_174511,0.2437658047515643,0.4427007734775543,0.05246684327721596,0.21889701678186904,-0.06266523,0.35073187947273254,0.09130332618951797
20220711_174511,0.24619019428047498,0.4443138539791107,0.052908770740032196,0.22160381211272914,-0.06261822,0.3540658950805664,0.09141743928194046
20220711_174511,0.2486154610556953,0.4459010362625122,0.05354823172092438,0.22431637707584706,-0.06253913,0.357369065284729,0.0915294885635376
20220711_174511,0.2510518436723903,0.4475565552711487,0.05436502397060394,0.22700904666526459,-0.062515974,0.36055514216423035,0.09163229912519455
20220711_174511,0.2534697809854183,0.4491927921772003,0.05529145523905754,0.22968808750648453,-0.06248219,0.3638853132724762,0.09182082116603851
20220711_174512,0.2558810235355382,0.45075851678848267,0.05611769109964371,0.23236345310859918,-0.062435646,0.36713311076164246,0.0919431746006012
20220711_174512,0.2583043510836892,0.45246464014053345,0.0570911206305027,0.2350404922598868,-0.06238254,0.37040188908576965,0.09215764701366425
20220711_174512,0.26068306768401456,0.4541064500808716,0.05816910043358803,0.23765541566408913,-0.062392358,0.37357795238494873,0.09224960207939148
20220711_174512,0.2630628086205071,0.45578405261039734,0.05937126651406288,0.2402507938881872,-0.062432576,0.3766029477119446,0.09225718677043915
20220711_174512,0.2654421684409919,0.45749664306640625,0.060584694147109985,0.24285063812780305,-0.06244922,0.3797076642513275,0.09239152818918228
20220711_174512,0.26782697486819845,0.45918017625808716,0.061898887157440186,0.24546444017721492,-0.062452387,0.38285544514656067,0.09252327680587769
20220711_174513,0.27019610920891207,0.4608520269393921,0.06326717138290405,0.2480539503854505,-0.06242664,0.3859991133213043,0.0926525816321373
20220711_174513,0.2725762249088909,0.4623960256576538,0.06472134590148926,0.2506814376285949,-0.06237396,0.38912588357925415,0.09279292076826096
20220711_174513,0.274965830358512,0.46414169669151306,0.0663418248295784,0.25329452528156116,-0.062350538,0.39230912923812866,0.09293317049741745
20220711_174513,0.2773310975366643,0.4658144414424896,0.06796379387378693,0.2558785607884603,-0.062290974,0.39529338479042053,0.09312722831964493
20220711_174513,0.27972827601706945,0.46744516491889954,0.06958192586898804,0.25847921871799445,-0.06230112,0.3985075056552887,0.09320207685232162
20220711_174513,0.2821357726687355,0.4692612886428833,0.07144315540790558,0.2610584302950621,-0.062392656,0.4016013443470001,0.09320047497749329
20220711_174514,0.2845283497838457,0.4710094630718231,0.07321024686098099,0.26361083575907773,-0.062552,0.40476059913635254,0.09325747191905975
20220711_174514,0.28691942305498425,0.4728602468967438,0.07502716034650803,0.2661613343321697,-0.06266028,0.4078145921230316,0.09310940653085709
20220711_174514,0.2893585029690302,0.47476035356521606,0.07684282958507538,0.26876435141524657,-0.06277605,0.4110104739665985,0.09323801845312119
20220711_174514,0.29178958236509445,0.47648465633392334,0.07832104712724686,0.2713960792885172,-0.06275478,0.4142450988292694,0.09338824450969696
20220711_174514,0.29420321170949637,0.47817263007164,0.07998184114694595,0.2740044616147459,-0.06267128,0.4175105094909668,0.09353813529014587
20220711_174514,0.2966605363014378,0.4799000918865204,0.08181203901767731,0.2766580308305058,-0.062545165,0.4206879436969757,0.09390050917863846
20220711_174515,0.2991310903511563,0.4816511869430542,0.0836351066827774,0.279329256659638,-0.062423628,0.423841655254364,0.0941663309931755
20220711_174515,0.3016063250169242,0.4834635853767395,0.08554837852716446,0.2819842113949502,-0.062352534,0.42707088589668274,0.09439721703529358
20220711_174515,0.30404466286159815,0.48526543378829956,0.08731888234615326,0.2846139275656201,-0.062259138,0.430410772562027,0.09464102983474731
20220711_174515,0.3065008700805842,0.4871119558811188,0.08913709968328476,0.28725491625063393,-0.062201023,0.43365049362182617,0.0948043242096901
20220711_174515,0.30893068989351935,0.4889717400074005,0.0910482183098793,0.2898625031612022,-0.062112536,0.4367760121822357,0.0949263945221901
20220711_174515,0.31136389323568,0.49070996046066284,0.0931231901049614,0.29246499195817466,-0.062078096,0.4400213956832886,0.09493699669837952
20220711_174516,0.31370957482644685,0.49252283573150635,0.09505589306354523,0.2949421390821664,-0.062191915,0.4429844319820404,0.09482493251562119
20220711_174516,0.31607457218374846,0.4943605363368988,0.09695202857255936,0.29745967862340694,-0.06215922,0.4459979236125946,0.09487856924533844
20220711_174516,0.31842480692082903,0.4961872696876526,0.09893655776977539,0.2999579533013424,-0.062162332,0.44899648427963257,0.09495393186807632
20220711_174516,0.32078034388573656,0.4979041814804077,0.10091535747051239,0.3024713001303424,-0.06210756,0.4520283639431,0.09499453008174896
20220711_174517,0.323119785902458,0.4996224641799927,0.10289165377616882,0.3049624147211005,-0.062067233,0.455044150352478,0.09506940096616745
20220711_174517,0.3254355374947575,0.5013757944107056,0.10484232753515244,0.3074225527235951,-0.06207735,0.4580605924129486,0.0951576754450798
20220711_174517,0.32777095762146213,0.5031325817108154,0.10679414868354797,0.30991504708368023,-0.06205504,0.4610036015510559,0.09528321772813797
20220711_174517,0.33013383336396734,0.5049074292182922,0.10881533473730087,0.3124321905120724,-0.062019255,0.4640064835548401,0.0954798012971878
20220711_174517,0.33249567558111875,0.5067334175109863,0.11075074970722198,0.3149351241078781,-0.061977897,0.4670685827732086,0.09559309482574463
20220711_174517,0.334882974359697,0.508493185043335,0.11285976320505142,0.3174590632985206,-0.061938893,0.4701952040195465,0.09569856524467468
20220711_174518,0.3372653118152472,0.5103669166564941,0.11483363062143326,0.3199765430546989,-0.061890323,0.4732005298137665,0.09610182046890259
20220711_174518,0.3396274444643632,0.5121974945068359,0.11688046902418137,0.32245752099582825,-0.061883576,0.4761800467967987,0.09641233831644058
20220711_174518,0.34192661864460705,0.5139579772949219,0.11894263327121735,0.3248747321781422,-0.0618262,0.4791177213191986,0.09655401110649109
20220711_174518,0.3442068231461177,0.5156500339508057,0.12099029868841171,0.32730632245924,-0.061706938,0.48204806447029114,0.09666892886161804
20220711_174518,0.346523373275295,0.5173987150192261,0.12300871312618256,0.329757269999324,-0.06162809,0.4849597215652466,0.09684190154075623
20220711_174518,0.3488529395749022,0.5191400051116943,0.1250009387731552,0.3322319335687408,-0.061512865,0.48792892694473267,0.09693363308906555
20220711_174519,0.35117102293987384,0.5208855271339417,0.12703680992126465,0.33468797937655276,-0.06141273,0.49083977937698364,0.09707213938236237
20220711_174519,0.35348656693189856,0.5226767063140869,0.12911760807037354,0.33712991743161225,-0.061348967,0.4937414824962616,0.09726669639348984
20220711_174519,0.3557899152248383,0.5244138240814209,0.1311119645833969,0.33956760395179975,-0.061279718,0.4967484772205353,0.09744928777217865
20220711_174519,0.3581139326454805,0.5261504054069519,0.13316279649734497,0.3420089756185014,-0.061191782,0.4997571110725403,0.09764815866947174
20220711_174519,0.3604493169917522,0.5278764367103577,0.135370671749115,0.34445203387372797,-0.061147444,0.5026859045028687,0.09789898991584778
20220711_174519,0.3627649072771962,0.5296466946601868,0.13747520744800568,0.34688362696117025,-0.061116192,0.5055785775184631,0.09810373932123184
20220711_174519,0.36504824461572966,0.5320237874984741,0.13955755531787872,0.34928835163379607,-0.061056744,0.5085098743438721,0.09817256033420563
20220711_174520,0.36735301903392975,0.5348092913627625,0.1417020708322525,0.35170374429303297,-0.060986634,0.5114237666130066,0.09844768792390823
20220711_174520,0.3696645688286219,0.5376629829406738,0.14390859007835388,0.3541172830839606,-0.060938384,0.5143747329711914,0.09855997562408447
20220711_174520,0.3719559304971472,0.5404666662216187,0.1459985375404358,0.35651390832521485,-0.060882587,0.5172935128211975,0.09867077320814133
20220711_174520,0.37425465995323304,0.5433428883552551,0.14812903106212616,0.3589116999885256,-0.060843684,0.5202793478965759,0.098776675760746
20220711_174520,0.3765491333589504,0.5461708307266235,0.15029947459697723,0.361308906304552,-0.060790814,0.5232369303703308,0.09886784106492996
20220711_174520,0.37885265554700576,0.5489635467529297,0.1524697244167328,0.36371262243540986,-0.06073968,0.5261374115943909,0.09900345653295517
20220711_174520,0.3811595093812163,0.5517629384994507,0.15462951362133026,0.36611396161923393,-0.060708474,0.5290266871452332,0.09903927892446518
20220711_174521,0.3834349012297151,0.554401159286499,0.15673190355300903,0.3684835299552257,-0.060658596,0.5318177938461304,0.0990087017416954
20220711_174521,0.38572340281102524,0.5571677088737488,0.15902231633663177,0.3708587183621082,-0.06063884,0.5347176790237427,0.09904203563928604
20220711_174521,0.38800576646231055,0.5598459243774414,0.16119875013828278,0.3732230562143224,-0.060654316,0.5374952554702759,0.09905730187892914
20220711_174521,0.3902735438231813,0.5623865723609924,0.16326385736465454,0.3755785016939254,-0.060638584,0.5401439666748047,0.09906639158725739
20220711_174521,0.39250824202286233,0.56496661901474,0.1653941422700882,0.37790669036241376,-0.060605854,0.5428310036659241,0.09913450479507446
20220711_174521,0.3947300997971298,0.5676220655441284,0.167448952794075,0.38022476815037376,-0.060552496,0.5456036329269409,0.09913322329521179
20220711_174521,0.3969752616577438,0.5703420042991638,0.16956178843975067,0.3825584456184179,-0.060499422,0.5484541654586792,0.09926635026931763
20220711_174522,0.3992196138864523,0.5730246901512146,0.17166568338871002,0.3848891442289394,-0.060459416,0.5512502789497375,0.09931151568889618
20220711_174522,0.40146269153449965,0.575777530670166,0.17379878461360931,0.3872114451674927,-0.06045348,0.5540772676467896,0.09929732233285904
20220711_174522,0.40371896355580955,0.5784949660301208,0.175959512591362,0.38954692883637587,-0.060445275,0.5568862557411194,0.09931822121143341
20220711_174522,0.4059700641485589,0.5812171697616577,0.17814545333385468,0.3918730893412857,-0.060439333,0.5596842169761658,0.0993470624089241
20220711_174522,0.4082261798282581,0.583977222442627,0.1802590936422348,0.3941974067456558,-0.060450323,0.5625262260437012,0.09943844377994537
20220711_174522,0.4104663355987785,0.5867300629615784,0.18240885436534882,0.39651693959296785,-0.060445204,0.565377414226532,0.09951071441173553
20220711_174522,0.4127062025887163,0.5894936323165894,0.18460337817668915,0.3988381348305935,-0.060434647,0.5682305693626404,0.0994909331202507
20220711_174523,0.4149564738711342,0.592217743396759,0.18681442737579346,0.40115995809225774,-0.060442947,0.5710281133651733,0.09956954419612885
20220711_174523,0.4171993655081544,0.5949493050575256,0.18900533020496368,0.4034834573847151,-0.060430784,0.5738639831542969,0.09956945478916168
20220711_174523,0.41944861193488636,0.5977315306663513,0.19111669063568115,0.40581317704065906,-0.06041135,0.576740026473999,0.0996653139591217
20220711_174523,0.4217212428559052,0.6004794836044312,0.19335170090198517,0.4081502529406304,-0.060423125,0.5795782208442688,0.09984137117862701
20220711_174523,0.42398188626659766,0.6032132506370544,0.19562217593193054,0.4104790656313762,-0.060456958,0.5823894143104553,0.0999508872628212
20220711_174523,0.42623848394193176,0.6059073805809021,0.19778890907764435,0.4127990235617258,-0.060505103,0.585159957408905,0.10003940761089325
20220711_174524,0.42843368602534965,0.6085670590400696,0.199932262301445,0.41506250182509813,-0.060535364,0.5878908634185791,0.10007748752832413
20220711_174524,0.43062429499616356,0.6112213134765625,0.2020944356918335,0.41732352521767685,-0.0605541,0.5906269550323486,0.10011551529169083
20220711_174524,0.43283399552968155,0.6139289140701294,0.20426249504089355,0.41960895769389106,-0.060544375,0.5934222340583801,0.10027860850095749
20220711_174524,0.43503975775533993,0.6165894269943237,0.20643863081932068,0.42188542155132286,-0.06053118,0.5961743593215942,0.10036057978868484
20220711_174524,0.437234109875613,0.6192742586135864,0.20855912566184998,0.4241588065961614,-0.060482375,0.5989707112312317,0.10047206282615662
20220711_174524,0.4394206990005756,0.6218957901000977,0.21062685549259186,0.42642464324926493,-0.06042284,0.6016948223114014,0.10059428215026855
20220711_174525,0.4416070363221732,0.6245357394218445,0.21273136138916016,0.42867894029882003,-0.060398012,0.6044030785560608,0.10081692785024643
20220711_174525,0.44375922972150844,0.6271631717681885,0.21476244926452637,0.43089649503259336,-0.06042262,0.6071129441261292,0.10081939399242401
20220711_174525,0.44593954443746014,0.629784882068634,0.21687835454940796,0.43313661667175196,-0.06043707,0.6097932457923889,0.10093450546264648
20220711_174525,0.448104137385131,0.632330060005188,0.21902026236057281,0.43537148660773595,-0.06038944,0.612455427646637,0.10110332816839218
20220711_174525,0.45028203844884057,0.6349531412124634,0.22114212810993195,0.4376118002489167,-0.060381025,0.615166187286377,0.10121480375528336
20220711_174525,0.45246628570489417,0.6375277042388916,0.22328749299049377,0.43985831925487917,-0.060381465,0.6178658604621887,0.10127922892570496
20220711_174526,0.454638933921828,0.6401644349098206,0.2254336029291153,0.4420917114692467,-0.060406562,0.6205914616584778,0.1013704463839531
20220711_174526,0.4568261100247124,0.6428099870681763,0.2276342809200287,0.4443349404632345,-0.060420107,0.6233198642730713,0.10159821063280106
20220711_174526,0.45899399428810445,0.6454495787620544,0.22974056005477905,0.4465703225880511,-0.060353376,0.6260570883750916,0.10177641361951828
20220711_174526,0.4611900772578678,0.6481608748435974,0.23189033567905426,0.448828522968176,-0.060293376,0.6288636326789856,0.10191332548856735
20220711_174526,0.4633887925765064,0.6508554816246033,0.23421689867973328,0.4510860428995544,-0.060302496,0.6316194534301758,0.10194079577922821
20220711_174527,0.46555750260231105,0.6534280180931091,0.23638282716274261,0.4533060797676094,-0.060320422,0.6342530846595764,0.1020565778017044
20220711_174527,0.467696317720465,0.6560095548629761,0.23848968744277954,0.4555072331928151,-0.060298897,0.6369122862815857,0.10210627317428589
20220711_174527,0.4698541442936468,0.6585939526557922,0.24060629308223724,0.45772451374389206,-0.060269766,0.6395788788795471,0.10229890048503876
20220711_174527,0.47198167561378357,0.6611086130142212,0.24269737303256989,0.45990454076106585,-0.06029662,0.642159640789032,0.10232917219400406
20220711_174527,0.47409321197413634,0.6636476516723633,0.2447604387998581,0.4620746020669524,-0.060300738,0.6447931528091431,0.10234704613685608
20220711_174528,0.4762280130217944,0.6661980152130127,0.24688677489757538,0.46427858241137004,-0.060212005,0.6474500298500061,0.10245688259601593
20220711_174528,0.4783893582274213,0.6687129139900208,0.2490825355052948,0.4664933081647325,-0.060163546,0.650031566619873,0.10266591608524323
20220711_174528,0.4805409538614234,0.6712114810943604,0.251229852437973,0.46870744671518527,-0.060136396,0.6526354551315308,0.10278620570898056
20220711_174528,0.4826695873186384,0.6737887859344482,0.2533569931983948,0.47089332654851634,-0.060061906,0.6552990674972534,0.10287316143512726
20220711_174528,0.4848366156643382,0.6764882802963257,0.2555592656135559,0.4731103416520724,-0.06001351,0.6580599546432495,0.10305561125278473
20220711_174529,0.48699368298697965,0.6791772246360779,0.2577182650566101,0.4753202462854578,-0.05997418,0.6608328819274902,0.10316366702318192
20220711_174529,0.489146853177283,0.6817790269851685,0.2598334550857544,0.47752264639054587,-0.05996022,0.663501501083374,0.10332046449184418
20220711_174529,0.4912725243293785,0.6844443082809448,0.2619290351867676,0.4796965773349376,-0.059948925,0.6662235260009766,0.1034586951136589
20220711_174529,0.4933802919769729,0.6870231628417969,0.2639878988265991,0.4818596961797054,-0.059956193,0.6688569188117981,0.10347806662321091
20220711_174530,0.4955043696743065,0.6896346807479858,0.26624026894569397,0.4840292293350457,-0.059965964,0.6715224385261536,0.10352932661771774
20220711_174530,0.4976299420457081,0.6921950578689575,0.26834020018577576,0.4861934182125921,-0.05998847,0.6741278767585754,0.10363364964723587
20220711_174530,0.49974929018121184,0.6948920488357544,0.2704279124736786,0.4883435278476209,-0.06002649,0.6768540143966675,0.10377349704504013
20220711_174530,0.5018411036302104,0.6975213289260864,0.27247411012649536,0.4904649812413057,-0.060102493,0.6795058846473694,0.10375149548053741
20220711_174530,0.5039080324867053,0.7000722885131836,0.2744753360748291,0.492574095468534,-0.060140867,0.6820929646492004,0.10377015918493271
20220711_174531,0.5059736390091143,0.702521562576294,0.2764897644519806,0.4946843274664204,-0.060163647,0.6845933198928833,0.10387162864208221
20220711_174531,0.5080329460827844,0.7049946188926697,0.27851730585098267,0.4967906207753051,-0.060158655,0.6871278882026672,0.10392972081899643
20220711_174531,0.5101016143927196,0.7074524164199829,0.28056979179382324,0.49890726285125303,-0.060171105,0.6896425485610962,0.10397453606128693
20220711_174531,0.512161258118073,0.7099477052688599,0.2825891673564911,0.5010180446128816,-0.060158473,0.6921893358230591,0.1040496677160263
20220711_174531,0.5142231413668119,0.7124699950218201,0.28462666273117065,0.5031242503970862,-0.060125653,0.6947655081748962,0.10416920483112335
20220711_174532,0.5163117863310683,0.7150916457176208,0.2866474390029907,0.5052562181196785,-0.060107592,0.6974587440490723,0.10419441759586334
20220711_174532,0.5183842869684155,0.7176192998886108,0.2887129783630371,0.5073723415281848,-0.060085285,0.7000591158866882,0.10432521998882294
20220711_174532,0.5204341134309236,0.7201725244522095,0.29074954986572266,0.5094663784878777,-0.060071778,0.7026829719543457,0.10444964468479156
20220711_174532,0.5224739787479008,0.7225631475448608,0.29279032349586487,0.5115423546464679,-0.060074445,0.7051127552986145,0.10454616695642471
20220711_174532,0.5244726121831069,0.724899172782898,0.2946920394897461,0.513583359906583,-0.06008663,0.7074987292289734,0.10462258756160736
20220711_174533,0.5264704954299964,0.7272995114326477,0.29660290479660034,0.5156191680637447,-0.06012967,0.7099465727806091,0.1046435758471489
20220711_174533,0.5284555787729673,0.7297046184539795,0.2986510992050171,0.5176428604985874,-0.06015209,0.7123862504959106,0.10466830432415009
20220711_174533,0.5304603977985259,0.7321189641952515,0.30058982968330383,0.5196801777864996,-0.060196355,0.714834451675415,0.10481671988964081
20220711_174533,0.532462809753107,0.7345983386039734,0.3026069700717926,0.5217159022830595,-0.060234055,0.7173551917076111,0.10489505529403687
20220711_174533,0.5344805775270481,0.7369799613952637,0.304629385471344,0.523766384411085,-0.060238276,0.7197814583778381,0.10495615005493164
20220711_174534,0.536457964190723,0.7394088506698608,0.3065972626209259,0.5257777124975941,-0.060255263,0.7222247123718262,0.1050470769405365
20220711_174534,0.5384483399249165,0.7417442202568054,0.3086208999156952,0.5278021115736153,-0.060306538,0.7246150374412537,0.10506149381399155
20220711_174534,0.5404213652319337,0.744136393070221,0.31052589416503906,0.5298070049444144,-0.060367998,0.7270455956459045,0.10503482818603516
20220711_174534,0.5424018088509013,0.7465478777885437,0.31249457597732544,0.5318163938204149,-0.060399707,0.7294859886169434,0.10511387884616852
20220711_174534,0.5443763030833684,0.748915433883667,0.31438782811164856,0.5338194110721378,-0.060448203,0.7318925857543945,0.10506962239742279
20220711_174535,0.5463438866991913,0.7513282895088196,0.31633710861206055,0.5358175632028483,-0.060451403,0.7343506813049316,0.1051342785358429
20220711_174535,0.5482947764775359,0.7537436485290527,0.3182629942893982,0.537801155751585,-0.060463622,0.736798882484436,0.10522272437810898
20220711_174535,0.5502700966689035,0.7562026381492615,0.3203153610229492,0.5398146066848273,-0.06046753,0.7392936944961548,0.10529261082410812
20220711_174535,0.5522683691513494,0.7586649656295776,0.3223600685596466,0.5418458867993178,-0.060454927,0.7417941689491272,0.10543791204690933
20220711_174535,0.5542706459818085,0.7610360383987427,0.3243333399295807,0.5438804057784574,-0.060479067,0.7442167401313782,0.10543928295373917
20220711_174536,0.5562168432638412,0.7633836269378662,0.32621651887893677,0.5458521658771749,-0.060518708,0.7465847134590149,0.1055154800415039
20220711_174536,0.5581872838732079,0.765670657157898,0.32787972688674927,0.5478516470932899,-0.06057025,0.7489051222801208,0.10557948052883148
20220711_174536,0.5601543440124286,0.7680041193962097,0.3293316066265106,0.5498468882596135,-0.060629696,0.7512831091880798,0.10557608306407928
20220711_174536,0.5621103053374734,0.770369291305542,0.3307638466358185,0.5518306757908846,-0.060682207,0.7536731958389282,0.1055920347571373
20220711_174536,0.5640757703553548,0.7727851867675781,0.3321134150028229,0.5538282302307679,-0.060672898,0.7561353445053101,0.10571568459272385
20220711_174537,0.5660257717046214,0.7751981019973755,0.33345067501068115,0.5558054301312151,-0.0606972,0.7585678696632385,0.10569785535335541
20220711_174537,0.5679701603772609,0.7775745391845703,0.33471783995628357,0.5577875047378746,-0.06068487,0.7610099911689758,0.10573533177375793
20220711_174537,0.5699304934136598,0.7799936532974243,0.33608460426330566,0.5597849528771595,-0.060626976,0.7634850144386292,0.10588015615940094
20220711_174537,0.5718682610802353,0.7822759747505188,0.3374468982219696,0.561749466514579,-0.060677055,0.7658007740974426,0.10582292824983597
20220711_174537,0.5738140067817377,0.7846184968948364,0.33878031373023987,0.5637285526900699,-0.06065759,0.7681747078895569,0.1059005931019783
20220711_174538,0.5757720588625206,0.787006139755249,0.3402468264102936,0.5657258796550445,-0.060642786,0.7706148624420166,0.10593699663877487
20220711_174538,0.5777077035444151,0.7893568873405457,0.3416128158569336,0.5676925941451656,-0.06066079,0.7730013728141785,0.10602524876594543
20220711_174538,0.5796577257160237,0.7917752265930176,0.3429781496524811,0.5696757142634404,-0.060645763,0.7754645347595215,0.10616355389356613
20220711_174538,0.5816090412690003,0.7940938472747803,0.3444180190563202,0.5716592442780677,-0.0606465,0.7778270244598389,0.10625981539487839
20220711_174538,0.583526987408855,0.796358048915863,0.34578531980514526,0.5736151300308372,-0.060635082,0.7801414728164673,0.10628873109817505
20220711_174539,0.5854501171923361,0.798753559589386,0.3472002446651459,0.5755748091185031,-0.06059572,0.7825732827186584,0.10633930563926697
20220711_174539,0.5873388091593812,0.801125705242157,0.34851035475730896,0.5774902444073048,-0.06061328,0.7849805355072021,0.10638228803873062
20220711_174539,0.5892652921216156,0.8034441471099854,0.3498322665691376,0.579449065592126,-0.060595404,0.787341833114624,0.10647021234035492
20220711_174539,0.5911981370521331,0.8058037757873535,0.351101815700531,0.5814112826794582,-0.060574852,0.7897472381591797,0.10660279542207718
20220711_174540,0.5930891578008693,0.8080229759216309,0.3524468243122101,0.5833322540020108,-0.06058273,0.7920180559158325,0.10659930855035782
20220711_174540,0.5949803035539624,0.8103712201118469,0.35377219319343567,0.5852477450724131,-0.060586777,0.7943971157073975,0.1067429631948471
20220711_174540,0.596865228568799,0.8127437233924866,0.3551408350467682,0.5871618394131415,-0.060588986,0.7968025207519531,0.10678849369287491
20220711_174540,0.5987413315925243,0.815035343170166,0.35644808411598206,0.589062917779613,-0.060630847,0.7991169095039368,0.10681196302175522
20220711_174540,0.6006069925362314,0.8172697424888611,0.3578237295150757,0.5909590535642425,-0.060614664,0.801399290561676,0.10692310333251953
20220711_174540,0.6024793444772748,0.8194932341575623,0.359110951423645,0.5928572437284109,-0.060602706,0.8036481738090515,0.10701959580183029
20220711_174541,0.6043585909008139,0.8217522501945496,0.3604603111743927,0.5947638777843711,-0.060602717,0.8059391975402832,0.1071181520819664
20220711_174541,0.6062373764826251,0.823973536491394,0.361783891916275,0.5966713995475994,-0.060591966,0.8081889152526855,0.10714133083820343
20220711_174541,0.6081108853234244,0.826217532157898,0.3631040155887604,0.598575051714197,-0.06058055,0.8104608654975891,0.1072131022810936
20220711_174541,0.6099852034021729,0.8284583687782288,0.3644566237926483,0.6004732307050153,-0.06061124,0.8127233982086182,0.10727941989898682
20220711_174542,0.6118144407915301,0.8306058645248413,0.36583393812179565,0.6023293206389797,-0.060644303,0.8149001598358154,0.10731663554906845
20220711_174542,0.6136836658698975,0.8328810930252075,0.3671610653400421,0.6042200784245856,-0.060671043,0.8172134757041931,0.10740705579519272
20220711_174542,0.6155428916257911,0.8351371884346008,0.36850738525390625,0.6061058587809198,-0.06068186,0.8195147514343262,0.10738939046859741
20220711_174542,0.6174374489086378,0.8375149369239807,0.369932621717453,0.6080210380399725,-0.0606489,0.821937084197998,0.10762333124876022
20220711_174542,0.6193359366307188,0.8398553729057312,0.3712981045246124,0.6099472431307028,-0.060639806,0.824303150177002,0.107659250497818
20220711_174543,0.621193750517975,0.8420386910438538,0.37257593870162964,0.6118368216057105,-0.060561445,0.8265465497970581,0.10774379223585129
20220711_174543,0.6230718136032609,0.844221293926239,0.3738570511341095,0.6137480808172683,-0.06043779,0.828766942024231,0.10788621008396149
20220711_174543,0.62493261913937,0.846482515335083,0.3751867115497589,0.6156365583117883,-0.060400385,0.8310800194740295,0.10806601494550705
20220711_174543,0.626774953134582,0.8487150073051453,0.37653622031211853,0.6175016625715714,-0.060395766,0.8333337903022766,0.10813505202531815
20220711_174543,0.6286215816450802,0.8508907556533813,0.37784525752067566,0.619367310059838,-0.060474716,0.8355239033699036,0.10804086923599243
20220711_174544,0.6304560868950434,0.8531799912452698,0.3790295124053955,0.6212189412925084,-0.060534723,0.837833046913147,0.10799168795347214
20220711_174544,0.632249843807877,0.8554550409317017,0.38041678071022034,0.6230333900931326,-0.0605806,0.8401526808738708,0.10799025744199753
20220711_174544,0.6340713129411066,0.8576862812042236,0.3817354440689087,0.6248821098986257,-0.060544934,0.8424354195594788,0.10804136842489243
20220711_174544,0.6359030928838774,0.85994952917099,0.38310524821281433,0.6267419287847369,-0.06052263,0.8447338938713074,0.10808578133583069
20220711_174544,0.6377055196526383,0.8621843457221985,0.38446491956710815,0.6285677056018739,-0.06058667,0.8469958305358887,0.10802294313907623
20220711_174545,0.6395527197562045,0.8643218278884888,0.3859821557998657,0.6304321627012153,-0.060670905,0.8491771817207336,0.10806304216384888
20220711_174545,0.6413669374193716,0.8665466904640198,0.3873620927333832,0.6322506703656952,-0.060801618,0.851388692855835,0.10809661448001862
20220711_174545,0.6431845909074873,0.8686860799789429,0.38874363899230957,0.6340777527793009,-0.060934987,0.8535553812980652,0.10801967978477478
20220711_174545,0.644993554183555,0.8708387017250061,0.39018723368644714,0.6359005864907085,-0.060997687,0.8557153344154358,0.1079854667186737
20220711_174545,0.646801742100878,0.8730453848838806,0.3914850056171417,0.6377207962513894,-0.061089937,0.8579415678977966,0.1079903170466423
20220711_174546,0.6485796517086097,0.875179648399353,0.3927883803844452,0.6395179161941282,-0.06111793,0.8600987792015076,0.10800399631261826
20220711_174546,0.6503898875296984,0.8773359656333923,0.39418643712997437,0.641348589981409,-0.06113932,0.8622913956642151,0.10809972882270813
20220711_174546,0.652183727664747,0.8795728087425232,0.3955768048763275,0.6431661000398261,-0.06116679,0.8645524978637695,0.10810794681310654
20220711_174546,0.6539840941886677,0.8817684650421143,0.3968617618083954,0.6449882940707126,-0.061175212,0.8667877912521362,0.10816308110952377
20220711_174546,0.6557737564541315,0.8839181065559387,0.39830610156059265,0.6467914454323849,-0.061323512,0.8689627051353455,0.10803453624248505
20220711_174547,0.6575512485005157,0.8861088752746582,0.399637371301651,0.6485917387626141,-0.061375346,0.8712011575698853,0.10797833651304245
20220711_174547,0.6593337363816966,0.8882864713668823,0.40093013644218445,0.650403102381379,-0.06132678,0.8734155893325806,0.10810072720050812
20220711_174547,0.6611147574446675,0.8904086947441101,0.4023700952529907,0.652203325201036,-0.061381485,0.8755655288696289,0.10807925462722778
20220711_174547,0.662909669394962,0.8925930857658386,0.4037095308303833,0.6540084920361414,-0.061518166,0.8777778744697571,0.10797230899333954
20220711_174547,0.6646693441011992,0.8947407007217407,0.4050602614879608,0.6557946051402311,-0.06151436,0.8799634575843811,0.10798512399196625
20220711_174548,0.6664426634727479,0.896948516368866,0.4064297378063202,0.6575804250544511,-0.06158515,0.8821766972541809,0.10800740122795105
20220711_174548,0.6682443293741435,0.8991120457649231,0.40779781341552734,0.6594093874900749,-0.061569117,0.8843976259231567,0.1080385074019432
20220711_174548,0.6700121737789726,0.9013317823410034,0.4091326594352722,0.6611978736720783,-0.061600555,0.8866438269615173,0.10806181281805038
20220711_174548,0.6717808584498479,0.9034463763237,0.41039544343948364,0.6629980194958669,-0.061530285,0.8888055086135864,0.10814826190471649
20220711_174548,0.6735415535202404,0.9055635929107666,0.41169458627700806,0.6647785202300358,-0.06154699,0.8909527659416199,0.10820626467466354
20220711_174549,0.675316300092447,0.9077486395835876,0.41305482387542725,0.6665682559059862,-0.061586723,0.893168568611145,0.1083199754357338
20220711_174549,0.6770783469924017,0.909851610660553,0.4144454598426819,0.6683505945086927,-0.06162046,0.8952953815460205,0.10834451764822006
20220711_174549,0.6788346749743013,0.9120015501976013,0.4158209264278412,0.6701213335571461,-0.06170816,0.8974747061729431,0.1083231195807457
20220711_174549,0.6805934945059786,0.9140605926513672,0.4171402156352997,0.6718995627242007,-0.061773434,0.8995603919029236,0.1082470566034317
20220711_174549,0.6823528389794458,0.9161646366119385,0.4184306561946869,0.6736849523177441,-0.06173118,0.901723325252533,0.10836569964885712
20220711_174550,0.6840888885590702,0.9183162450790405,0.4198523759841919,0.6754319583238768,-0.0618364,0.9039039015769958,0.10835465043783188
20220711_174550,0.6858348747579507,0.9203808903694153,0.42120712995529175,0.6771985245409204,-0.061850913,0.9060073494911194,0.10842926800251007
20220711_174550,0.6875989710363118,0.9224500060081482,0.4225694239139557,0.678980183123954,-0.061888695,0.9081167578697205,0.10846563428640366
20220711_174550,0.6893522561394042,0.9245641231536865,0.4238429367542267,0.6807515833675302,-0.061879814,0.9102745652198792,0.10848227143287659
20220711_174551,0.6910383014038513,0.9265694618225098,0.4251444339752197,0.6824514140036041,-0.06195074,0.9122865796089172,0.10841534286737442
20220711_174551,0.6927213833639327,0.9285512566566467,0.42642953991889954,0.684145290580109,-0.062008448,0.9142926931381226,0.10837676376104355
20220711_174551,0.6944071586571522,0.9306127429008484,0.42779165506362915,0.6858413859562514,-0.06210515,0.9163673520088196,0.10834543406963348
20220711_174551,0.6961330459186372,0.9326509833335876,0.4291359782218933,0.6875850944851938,-0.062118728,0.9184309840202332,0.10847028344869614
20220711_174552,0.6978281643791334,0.9347508549690247,0.43049514293670654,0.6893012806262709,-0.062129844,0.9205788373947144,0.10851366817951202
20220711_174552,0.699602584431396,0.936866044998169,0.4320080876350403,0.6910851679810259,-0.062274497,0.9227062463760376,0.10849562287330627
20220711_174552,0.7013235608320263,0.9389674663543701,0.4333246350288391,0.6928230572395251,-0.062325064,0.924830436706543,0.1084953248500824
20220711_174552,0.7030696755819218,0.941061794757843,0.43469250202178955,0.6945842795222438,-0.062368687,0.9269585013389587,0.10854046046733856
20220711_174552,0.7048162011154472,0.9432132244110107,0.436092346906662,0.6963460444412509,-0.062442586,0.9291414618492126,0.10850925743579865
20220711_174553,0.7065700797457247,0.9453861117362976,0.43743255734443665,0.6981112495074538,-0.06251698,0.93131422996521,0.10845393687486649
20220711_174553,0.7083079004749179,0.9475221633911133,0.43870776891708374,0.6998733927511183,-0.062474567,0.9334970712661743,0.10856474936008453
20220711_174553,0.710057188742759,0.9496557712554932,0.4401683509349823,0.7016351926770705,-0.06255176,0.9356709122657776,0.10871655493974686
20220711_174553,0.711774428151828,0.9517752528190613,0.44132915139198303,0.7033788700955674,-0.0624685,0.9378507733345032,0.10881223529577255
20220711_174553,0.7135341049264415,0.9539250731468201,0.44263726472854614,0.7051491700936305,-0.06246273,0.9400216341018677,0.10890893638134003
20220711_174554,0.7152720174357239,0.9560861587524414,0.44390809535980225,0.7068901206368818,-0.06251202,0.9421910643577576,0.10907876491546631
20220711_174554,0.7169954665958237,0.9582201838493347,0.4452717900276184,0.708621281164005,-0.06258505,0.9443339109420776,0.10907530039548874
20220711_174554,0.7186792590709304,0.9602062702178955,0.44665417075157166,0.710320492889172,-0.062653825,0.9463402628898621,0.10903916507959366
20220711_174554,0.7203746328982559,0.9622312784194946,0.44799676537513733,0.7120265593020512,-0.06271949,0.948371410369873,0.10903258621692657
20220711_174555,0.7220807507071868,0.9642531871795654,0.4493425488471985,0.7137460726458943,-0.06279053,0.9504037499427795,0.1090959906578064
20220711_174555,0.723793552596108,0.9663302898406982,0.4506531357765198,0.7154748011026811,-0.06280233,0.9525126218795776,0.10910654067993164
20220711_174555,0.7254801043166421,0.9684520363807678,0.45200270414352417,0.7171711456695837,-0.06286525,0.954626739025116,0.10912173986434937
20220711_174555,0.7271673469666979,0.9704978466033936,0.45329323410987854,0.7188752023684547,-0.062920265,0.9566864371299744,0.10906931757926941
20220711_174555,0.7288365023789745,0.9724341034889221,0.4546874463558197,0.720558854405019,-0.062961616,0.9586447477340698,0.10910595953464508
20220711_174556,0.7305323499850789,0.9744229316711426,0.45595893263816833,0.722267865648185,-0.06300769,0.9606531858444214,0.10910169780254364
20220711_174556,0.732201316599503,0.9764697551727295,0.4572339653968811,0.7239524908387628,-0.06302644,0.9627177119255066,0.1091642752289772
20220711_174556,0.7338937866222813,0.9786372780799866,0.4585573375225067,0.72565923136764,-0.06308079,0.9648954272270203,0.10919339209794998
20220711_174556,0.7355459915023801,0.9807014465332031,0.4598424434661865,0.7273305717497168,-0.06307875,0.9669916033744812,0.10923516005277634
20220711_174556,0.7371590603637348,0.9826484322547913,0.4610217809677124,0.7289652679790568,-0.06303197,0.9689940810203552,0.10927163809537888
20220711_174557,0.7388196327222889,0.98468017578125,0.4623347520828247,0.7306341971172006,-0.0630561,0.9710237979888916,0.10939592868089676
20220711_174557,0.7405172467442523,0.9867096543312073,0.4635870158672333,0.7323530039682816,-0.06297481,0.9730803966522217,0.10945063084363937
20220711_174557,0.7421917850498277,0.9887007474899292,0.46489670872688293,0.7340486941739385,-0.06297721,0.9750978946685791,0.10944043844938278
20220711_174557,0.7438695081674906,0.9907363653182983,0.4661077857017517,0.7357499075423282,-0.06296316,0.9771633148193359,0.1094687357544899
20220711_174558,0.745514757459269,0.9927194118499756,0.4674483835697174,0.7374120386191328,-0.06295555,0.9791639447212219,0.10953553766012192
20220711_174558,0.7471864734269342,0.9947159886360168,0.4687322974205017,0.7390955978928876,-0.06298335,0.9811862707138062,0.10956958681344986
20220711_174558,0.7488377269380551,0.9966748356819153,0.46996182203292847,0.7407613830196258,-0.06296102,0.9831757545471191,0.10968783497810364
20220711_174558,0.7504892225426278,0.9986658692359924,0.4711022675037384,0.7424259891162129,-0.062985085,0.9851876497268677,0.10970199853181839
20220711_174558,0.7521335917795987,1.000632405281067,0.4724592864513397,0.7440758335166016,-0.06311135,0.9871669411659241,0.10963759571313858
20220711_174559,0.7537706242620076,1.0026042461395264,0.47371184825897217,0.7457249741270943,-0.06316271,0.9891613125801086,0.10957349091768265
20220711_174559,0.7553809784097191,1.0046733617782593,0.47498995065689087,0.7473525135968356,-0.06314885,0.9912575483322144,0.10958895087242126
20220711_174559,0.7569779292232868,1.0066946744918823,0.4762910008430481,0.7489557226495888,-0.06321963,0.9932944774627686,0.10955019295215607
20220711_174559,0.758579187334088,1.0086238384246826,0.47752535343170166,0.7505707430914464,-0.06319413,0.9952316880226135,0.10960468649864197
20220711_174559,0.7601974905900573,1.0106282234191895,0.47876113653182983,0.7522047766853348,-0.06316233,0.9972553253173828,0.1097036749124527
20220711_174600,0.7618183979847909,1.0126227140426636,0.4800546169281006,0.7538430892354003,-0.06316336,0.99927818775177,0.10975653678178787
20220711_174600,0.7634658952908155,1.0146169662475586,0.48139724135398865,0.7555131650347039,-0.06310953,1.001314401626587,0.10984291881322861
20220711_174600,0.7650805635386168,1.0165915489196777,0.4825722277164459,0.7571429009272724,-0.06311667,1.003313422203064,0.10988012701272964
20220711_174600,0.7666763633403478,1.0185661315917969,0.48378947377204895,0.758751727294639,-0.06313479,1.005306363105774,0.10979998111724854
20220711_174601,0.7682943878866928,1.0205105543136597,0.48502668738365173,0.7603825351274467,-0.06312578,1.007276177406311,0.10988807678222656
20220711_174601,0.7698985331614074,1.0224347114562988,0.48629939556121826,0.7620003263459758,-0.06314557,1.0092190504074097,0.10993828624486923
20220711_174601,0.7715053503862337,1.0243710279464722,0.4875313937664032,0.7636170901453361,-0.06316391,1.0111725330352783,0.11003497242927551
20220711_174601,0.7731000255291959,1.0262399911880493,0.4887368679046631,0.7652237345099702,-0.06321909,1.0130665302276611,0.10991698503494263
20220711_174602,0.7747299671811017,1.0281803607940674,0.4899900257587433,0.7668593558701301,-0.06328633,1.015007495880127,0.1099497452378273
20220711_174602,0.7763491196462646,1.030135989189148,0.49116575717926025,0.7684911623341557,-0.06327158,1.0169767141342163,0.1101040318608284
20220711_174602,0.7779327631248791,1.0320651531219482,0.49237677454948425,0.7700857916263569,-0.063272886,1.0189186334609985,0.11022916436195374
20220711_174602,0.7794913793313212,1.033998966217041,0.49362701177597046,0.7716623642888705,-0.06326828,1.0208899974822998,0.11021623015403748
20220711_174603,0.7810611655603029,1.0359212160110474,0.49483722448349,0.7732405452345519,-0.0633601,1.0228180885314941,0.110186368227005
20220711_174603,0.7826450588124194,1.0378459692001343,0.49608179926872253,0.7748258705988974,-0.063543886,1.0247395038604736,0.10999174416065216
20220711_174603,0.7842049318566021,1.0397709608078003,0.49728140234947205,0.7763954685243281,-0.06360591,1.026667833328247,0.11000684648752213
20220711_174603,0.7857688503299972,1.0416839122772217,0.49844038486480713,0.7779763403218379,-0.063578926,1.0286122560501099,0.11006977409124374
20220711_174604,0.7873725623533802,1.0435738563537598,0.4996958374977112,0.779592427617093,-0.06360417,1.0305187702178955,0.1101529449224472
20220711_174604,0.7889269512218136,1.0454703569412231,0.5008512139320374,0.7811584860387545,-0.06361335,1.0324366092681885,0.11018122732639313
20220711_174604,0.7905091096214334,1.0474976301193237,0.5019450187683105,0.7827551731975623,-0.06364006,1.0344911813735962,0.11024944484233856
20220711_174604,0.7920396704064275,1.0493146181106567,0.5032547116279602,0.7842939299576797,-0.0636925,1.0363197326660156,0.11029723286628723
20220711_174605,0.7935858555729115,1.051200270652771,0.5044972896575928,0.7858523430965869,-0.06368661,1.0382202863693237,0.11038602888584137
20220711_174605,0.7951565085583947,1.0530864000320435,0.5057861804962158,0.7874350207469153,-0.06368683,1.0401122570037842,0.11049561947584152
20220711_174605,0.7966939826994518,1.0549248456954956,0.5070542097091675,0.7889903196684764,-0.063650414,1.0419750213623047,0.11066858470439911
20220711_174605,0.7982297247639836,1.0567153692245483,0.5082465410232544,0.7905385364311278,-0.063668095,1.043801188468933,0.1106451153755188
20220711_174606,0.7997938889882674,1.0586230754852295,0.509414792060852,0.7921136527945448,-0.063699305,1.0457340478897095,0.11063336580991745
20220711_174606,0.801360127296915,1.0604262351989746,0.5106590986251831,0.7936878949549413,-0.06374804,1.0475471019744873,0.11071952432394028
20220711_174606,0.8029268428106281,1.0623129606246948,0.5119442939758301,0.7952637794789599,-0.06376688,1.049460768699646,0.11072856187820435
20220711_174607,0.8044909958922325,1.0643188953399658,0.5132514834403992,0.7968364967622171,-0.06380742,1.0514699220657349,0.11077296733856201
20220711_174607,0.8060455282500252,1.0662094354629517,0.5144339799880981,0.798399322366524,-0.06380657,1.0533833503723145,0.11096712946891785
20220711_174607,0.8075811018223377,1.068103551864624,0.5155720114707947,0.7999495373066879,-0.06377683,1.055301547050476,0.11098090559244156
20220711_174607,0.8091322232600777,1.069969654083252,0.5168693661689758,0.8015046233858185,-0.063910745,1.0571625232696533,0.1108866035938263
20220711_174608,0.810667161738458,1.0718368291854858,0.5181232690811157,0.8030424151637529,-0.06402323,1.0590318441390991,0.11081766337156296
20220711_174608,0.8122263999069039,1.0737675428390503,0.5194287896156311,0.8046126748153002,-0.064033,1.060975193977356,0.11093375831842422
20220711_174608,0.8137897224108079,1.0756423473358154,0.5206754803657532,0.8061813399755164,-0.06408287,1.062853455543518,0.11103061586618423
20220711_174608,0.8153694495915862,1.0775279998779297,0.5220174193382263,0.8077668724933121,-0.06412292,1.0647367238998413,0.11112833023071289
20220711_174608,0.8168460011008875,1.0793758630752563,0.5232042074203491,0.8092442743630758,-0.06425842,1.066573977470398,0.11110430955886841
20220711_174609,0.8184184636873074,1.081270456314087,0.5244807600975037,0.8108227995414062,-0.06431434,1.0684634447097778,0.11114592105150223
20220711_174609,0.8199182392934099,1.0831373929977417,0.5256220698356628,0.8123304177242282,-0.06430803,1.0703436136245728,0.11122807115316391
20220711_174609,0.8214537860881677,1.0850534439086914,0.5268564224243164,0.8138775215797911,-0.06430408,1.0722737312316895,0.11131574958562851
20220711_174609,0.8229676383487263,1.0869239568710327,0.5279245972633362,0.815401703275572,-0.06427226,1.074154257774353,0.11137192696332932
20220711_174610,0.8245140012493707,1.08871328830719,0.5291146636009216,0.8169593906904662,-0.0642419,1.0759541988372803,0.11153845489025116
20220711_174610,0.8259937411651743,1.0905762910842896,0.5301896929740906,0.8184499256457097,-0.0642114,1.0778234004974365,0.11173634231090546
20220711_174610,0.8275522367412547,1.0924185514450073,0.5314871668815613,0.8200198896509364,-0.06421856,1.0796852111816406,0.11191054433584213
20220711_174610,0.8291135463786584,1.0943186283111572,0.532709002494812,0.8215888915027498,-0.064271055,1.0816066265106201,0.1118922233581543
20220711_174610,0.8306206868228999,1.0961551666259766,0.5338824987411499,0.8231058575924401,-0.064206965,1.08345365524292,0.11205270886421204
20220711_174611,0.832152818395175,1.097935676574707,0.5351108908653259,0.8246511223644747,-0.06419629,1.0852431058883667,0.11211971193552017
20220711_174611,0.8336584766798729,1.099706768989563,0.5362648963928223,0.8261652446452781,-0.06421619,1.087019681930542,0.11222363263368607
20220711_174611,0.835143912189633,1.1015233993530273,0.5373417735099792,0.8276585485678363,-0.06417006,1.0888493061065674,0.1123824417591095
20220711_174611,0.8366357243434995,1.103354573249817,0.5385735034942627,0.8291596898751655,-0.06410953,1.090672492980957,0.11257476359605789
20220711_174611,0.8381369941187252,1.1050771474838257,0.539715588092804,0.8306749426719165,-0.06406548,1.092437744140625,0.1126687303185463
20220711_174612,0.8395672335386052,1.1067811250686646,0.5408857464790344,0.8321123929950583,-0.06402447,1.094151258468628,0.11276038736104965
20220711_174612,0.8409903114889853,1.1085147857666016,0.5420206189155579,0.8335443911723849,-0.06402738,1.0958970785140991,0.11286661028862
20220711_174612,0.8424270422655836,1.1102391481399536,0.5431401133537292,0.8349851064651477,-0.064041175,1.09762442111969,0.1129254549741745
20220711_174612,0.8438495340066633,1.1118980646133423,0.54429030418396,0.8364180739540467,-0.063998766,1.0992908477783203,0.11306717246770859
20220711_174612,0.8452378604729148,1.113579273223877,0.5453178882598877,0.8378134569045352,-0.0639873,1.100997805595398,0.1131775975227356
20220711_174613,0.8466523514179638,1.1152558326721191,0.5463789105415344,0.8392402358543604,-0.063941486,1.1026818752288818,0.11324552446603775
20220711_174613,0.8480780255542437,1.1169660091400146,0.5474686622619629,0.8406699897150012,-0.06396724,1.104394793510437,0.11333367228507996
20220711_174613,0.8494773811646702,1.1187920570373535,0.5485178828239441,0.8420720824660888,-0.06404805,1.1062207221984863,0.1132994294166565
20220711_174613,0.8509040918559732,1.1205168962478638,0.5495167970657349,0.843500512778703,-0.064109765,1.1079500913619995,0.11328095942735672
20220711_174613,0.8523138539773181,1.1222589015960693,0.5505112409591675,0.8449143418675302,-0.064157195,1.1096906661987305,0.11332178115844727
20220711_174614,0.8537104336187747,1.1239383220672607,0.551621675491333,0.8463118346763733,-0.06426565,1.1113615036010742,0.1133318543434143
20220711_174614,0.8551363092744932,1.1256418228149414,0.55271315574646,0.8477520204848029,-0.06424106,1.1130884885787964,0.11337151378393173
20220711_174614,0.8565715177994417,1.1273466348648071,0.5539534091949463,0.8492000721353001,-0.06423957,1.1148154735565186,0.11335934698581696
20220711_174614,0.8579789569777877,1.129065752029419,0.5551214814186096,0.8506099396648543,-0.06433363,1.1165275573730469,0.11338917911052704
20220711_174614,0.859337526895806,1.1308223009109497,0.5562100410461426,0.8519790254849801,-0.064328805,1.118297815322876,0.11340343207120895
20220711_174615,0.860733214237244,1.132543683052063,0.5573102831840515,0.8533880109048652,-0.064314894,1.1200493574142456,0.1134369969367981
20220711_174615,0.8621631586491445,1.1343177556991577,0.5584359169006348,0.8548282870592872,-0.064318195,1.121848702430725,0.11355777084827423
20220711_174615,0.8635846254709911,1.1360365152359009,0.559597909450531,0.8562577042311318,-0.064363025,1.1235992908477783,0.11356382817029953
20220711_174615,0.8650140887809763,1.1379069089889526,0.5607367157936096,0.8576966984848723,-0.06438618,1.1254829168319702,0.11359099298715591
20220711_174615,0.8664235296285242,1.1396865844726562,0.561847448348999,0.8591146470429866,-0.06440521,1.127274751663208,0.1138029545545578
20220711_174616,0.8678326661373608,1.1414769887924194,0.5629057884216309,0.8605349593064783,-0.06439487,1.1290831565856934,0.11382399499416351
20220711_174616,0.8692183499933129,1.1431549787521362,0.5640150308609009,0.8619273234465461,-0.064411946,1.1307554244995117,0.11387408524751663
20220711_174616,0.8706252653662927,1.1448498964309692,0.5651549696922302,0.8633435691839882,-0.06441082,1.1324564218521118,0.11394994705915451
20220711_174616,0.8719792963742257,1.1465349197387695,0.5662368535995483,0.8647108306508875,-0.064399764,1.1341474056243896,0.11393275111913681
20220711_174616,0.8733409467172858,1.1482181549072266,0.5673595070838928,0.8660784482098836,-0.06443963,1.1358318328857422,0.1139601469039917
20220711_174617,0.8746893042293762,1.1499607563018799,0.5684974789619446,0.8674278455231815,-0.06456627,1.1375726461410522,0.1139170378446579
20220711_174617,0.8760926157808897,1.1517479419708252,0.5694507956504822,0.8688416524248239,-0.06454869,1.1393827199935913,0.11400207877159119
20220711_174617,0.8774803215431931,1.1534194946289062,0.5707032084465027,0.8702377529900269,-0.064553194,1.1410771608352661,0.11405390501022339
20220711_174617,0.8788759819230526,1.1551241874694824,0.5717439651489258,0.871645413919499,-0.06452007,1.142783761024475,0.1140899732708931
20220711_174617,0.8802963149775855,1.1567931175231934,0.5729568600654602,0.8730794189349377,-0.06450631,1.1444753408432007,0.1141517162322998
20220711_174618,0.8816689224080427,1.1583863496780396,0.5741082429885864,0.8744621593772637,-0.06453862,1.1460896730422974,0.11417228728532791
20220711_174618,0.8830629773572423,1.1600697040557861,0.5751878619194031,0.8758653632949169,-0.064521946,1.147788643836975,0.11416788399219513
20220711_174618,0.8844485884771814,1.1617408990859985,0.5763448476791382,0.8772563679147988,-0.06456606,1.1494683027267456,0.11428223550319672
20220711_174618,0.885843981428814,1.1634411811828613,0.5774988532066345,0.8786573952517676,-0.06465174,1.1511698961257935,0.1142319068312645
20220711_174618,0.8872373923834385,1.165171504020691,0.5786415934562683,0.8800563491739445,-0.06469665,1.152909517288208,0.11429139971733093
20220711_174619,0.888636531864846,1.1669034957885742,0.5797748565673828,0.8814611087459371,-0.06474433,1.1546447277069092,0.11434102803468704
20220711_174619,0.8900055759918308,1.168548345565796,0.5809109807014465,0.8828387524687538,-0.0647729,1.1563001871109009,0.11433937400579453
20220711_174619,0.891336219090044,1.1702239513397217,0.5819734334945679,0.8841799028923637,-0.06476017,1.1579906940460205,0.11442801356315613
20220711_174619,0.8926834228496185,1.1717875003814697,0.5830965638160706,0.8855300707629132,-0.06481533,1.1595540046691895,0.11452436447143555
20220711_174619,0.8940798844415274,1.1733894348144531,0.5842658281326294,0.8869345987145614,-0.064796224,1.1611610651016235,0.11464345455169678
20220711_174620,0.8955025964646243,1.1751823425292969,0.5853722095489502,0.8883553904512043,-0.06492544,1.1629542112350464,0.11465885490179062
20220711_174620,0.896874293940828,1.1767812967300415,0.5865186452865601,0.889733775560429,-0.06499476,1.1645655632019043,0.11466675251722336
20220711_174620,0.8982482174966008,1.1784706115722656,0.5876345634460449,0.8911070867731495,-0.06508337,1.1662431955337524,0.114667147397995
20220711_174620,0.8996037984993729,1.1801700592041016,0.5887413620948792,0.8924617657661998,-0.06520554,1.1679426431655884,0.11464525014162064
20220711_174621,0.9009475446009266,1.1817916631698608,0.5898838639259338,0.8938118908802202,-0.0652312,1.169565200805664,0.11463805288076401
20220711_174621,0.9022839159470863,1.1834251880645752,0.5909281373023987,0.8951540540811375,-0.06526917,1.1712076663970947,0.11469551175832748
20220711_174621,0.9036364505563239,1.185014247894287,0.5920825004577637,0.8965156598707059,-0.06527337,1.1728066205978394,0.11478506028652191
20220711_174621,0.9050378698655369,1.1866722106933594,0.5932475328445435,0.8979238966061153,-0.06530081,1.1744755506515503,0.11489328742027283
20220711_174622,0.906411633295028,1.1883617639541626,0.5943388938903809,0.8993036576277835,-0.065372445,1.1761715412139893,0.11485636234283447
20220711_174622,0.9077922572839753,1.1900277137756348,0.5955110788345337,0.9006878684290257,-0.065430306,1.1778490543365479,0.1149686798453331
20220711_174622,0.9091741256144149,1.191680908203125,0.5966362953186035,0.9020790114935796,-0.065374,1.1795190572738647,0.11509060114622116
20220711_174622,0.9105551687912329,1.1933311223983765,0.5977177619934082,0.903469082773488,-0.06535416,1.1811931133270264,0.11513569951057434
20220711_174622,0.9119039411410073,1.1949597597122192,0.5988373160362244,0.9048309650604046,-0.065294996,1.1828453540802002,0.11513359844684601
20220711_174623,0.9132907657277651,1.1966050863265991,0.599998950958252,0.9062230377826364,-0.0653352,1.1844896078109741,0.11515410989522934
20220711_174623,0.9146690479023172,1.1983206272125244,0.6011030673980713,0.9076067818576624,-0.06535033,1.1862107515335083,0.11522113531827927
20220711_174623,0.9159942599514821,1.1999640464782715,0.6022247672080994,0.9089441376096828,-0.065292746,1.1878597736358643,0.11537431180477142
20220711_174623,0.917330929382067,1.2015613317489624,0.6033090353012085,0.9102811717879223,-0.06537648,1.189451813697815,0.11541389673948288
20220711_174623,0.9186346758621975,1.2032411098480225,0.6041915416717529,0.9115849051726772,-0.06545094,1.1911259889602661,0.11536314338445663
20220711_174624,0.9200179521326339,1.2049269676208496,0.6052938103675842,0.9129718293657149,-0.06553376,1.192810297012329,0.11532861739397049
20220711_174624,0.9213611721467311,1.2065869569778442,0.6063697338104248,0.9143192851732492,-0.06554727,1.1944760084152222,0.11541951447725296
20220711_174624,0.9226806309648362,1.208276391029358,0.6074445247650146,0.9156459561271831,-0.06556033,1.1961690187454224,0.11543548852205276
20220711_174624,0.9239852380580303,1.2098486423492432,0.6084980964660645,0.9169566939757171,-0.06558725,1.197748064994812,0.11545592546463013
20220711_174624,0.9252810898204719,1.211446762084961,0.6095283031463623,0.9182700765278554,-0.06555192,1.199381709098816,0.1154383197426796
20220711_174625,0.9266081902036036,1.2130824327468872,0.6106818318367004,0.9196059364671434,-0.06556103,1.2010242938995361,0.11550911515951157
20220711_174625,0.9279288124755248,1.2147287130355835,0.6118113398551941,0.9209303076888777,-0.06561342,1.2026692628860474,0.1155252531170845
20220711_174625,0.9292377805254681,1.2163194417953491,0.6129891872406006,0.9222467107968615,-0.06563059,1.2042649984359741,0.11547863483428955
20220711_174625,0.9305549975232522,1.2178412675857544,0.6141294836997986,0.9235695658873458,-0.06566505,1.2057969570159912,0.11546091735363007
20220711_174626,0.9318845952183176,1.2194461822509766,0.6151621341705322,0.9249041123476748,-0.06571791,1.2074079513549805,0.11542444676160812
20220711_174626,0.9332186359717489,1.2210453748703003,0.616357684135437,0.9262409098377745,-0.06582429,1.2090040445327759,0.11536998301744461
20220711_174626,0.9345533892657971,1.2226670980453491,0.617514431476593,0.9275865425901921,-0.0658803,1.2106335163116455,0.1152651458978653
20220711_174626,0.9359039013069542,1.224326729774475,0.6186516284942627,0.9289429614093518,-0.06593563,1.2122957706451416,0.11524762958288193
20220711_174626,0.9372347116803652,1.225984811782837,0.6197504997253418,0.9302827768268666,-0.065959595,1.2139743566513062,0.11530885845422745
20220711_174627,0.9385579326093421,1.2276208400726318,0.6208540201187134,0.9316065265774671,-0.066073745,1.2155992984771729,0.11527234315872192
20220711_174627,0.9398897213263339,1.229201316833496,0.6219815611839294,0.9329370311702273,-0.0662195,1.2171721458435059,0.11513306200504303
20220711_174627,0.9412098840301982,1.230818748474121,0.6230735778808594,0.9342635590258174,-0.06627537,1.2187978029251099,0.11508847028017044
20220711_174627,0.9424919761046486,1.232422947883606,0.6241422891616821,0.9355525335810967,-0.066326305,1.2204123735427856,0.11504700034856796
20220711_174627,0.9437633401780088,1.2339729070663452,0.6251698136329651,0.9368213521907652,-0.06647378,1.2219568490982056,0.11493200808763504
20220711_174628,0.945032950302768,1.2355653047561646,0.6262238025665283,0.938094478033595,-0.066543184,1.2235580682754517,0.11490112543106079
20220711_174628,0.9463507373647806,1.237082600593567,0.6273782849311829,0.9394174424170944,-0.06658858,1.2250763177871704,0.11495592445135117
20220711_174628,0.9476674482740349,1.2387531995773315,0.6286049485206604,0.9407356305753715,-0.06666666,1.2267512083053589,0.11503881961107254
20220711_174628,0.9490062366101079,1.2403931617736816,0.6297035813331604,0.9420813771387688,-0.066637054,1.2284115552902222,0.11528243124485016
20220711_174629,0.9503259118836849,1.2420134544372559,0.6307623982429504,0.9434135696752683,-0.06657774,1.2300567626953125,0.11539635062217712
20220711_174629,0.9517125013147137,1.2436423301696777,0.6318867802619934,0.9448066380407129,-0.06658301,1.231699824333191,0.11541406810283661
20220711_174629,0.9530629150352363,1.245234489440918,0.6329660415649414,0.9461664265301779,-0.06660182,1.2333145141601562,0.115351602435112
20220711_174629,0.9544092720109772,1.2467963695526123,0.6340268850326538,0.9475192013057999,-0.06657753,1.2348854541778564,0.11539971083402634
20220711_174629,0.9557485288688282,1.248363733291626,0.63517165184021,0.9488621950656512,-0.06660007,1.2364680767059326,0.11541261523962021
20220711_174630,0.9570492607164651,1.2499300241470337,0.6361473798751831,0.9501683579262038,-0.06660546,1.238038420677185,0.11543682217597961
20220711_174630,0.958324465347608,1.2515344619750977,0.6372057795524597,0.9514429243812268,-0.06669418,1.2396258115768433,0.11541319638490677
20220711_174630,0.9596039962905801,1.253109097480774,0.6382108926773071,0.9527224153504336,-0.06682314,1.2411892414093018,0.11536332219839096
20220711_174630,0.9608871421458801,1.2547423839569092,0.6392528414726257,0.9540105345539917,-0.06688362,1.242822527885437,0.11531005054712296
20220711_174631,0.9621720876581126,1.2563116550445557,0.6403513550758362,0.9552988217534372,-0.066929355,1.2443926334381104,0.11531374603509903
20220711_174631,0.9634640894873642,1.2579160928726196,0.6412824988365173,0.956597493599288,-0.06694384,1.2460006475448608,0.11526788771152496
20220711_174631,0.9647701649266974,1.2595096826553345,0.6423182487487793,0.9579156247845718,-0.06691275,1.2476186752319336,0.11535515636205673
20220711_174631,0.9660493805321088,1.2611258029937744,0.6432424187660217,0.959196129662538,-0.06700167,1.2492291927337646,0.11529974639415741
20220711_174631,0.9672926056490077,1.2626614570617676,0.6442728638648987,0.9604446288869065,-0.06709089,1.2507739067077637,0.11518201977014542
20220711_174632,0.9685367696124472,1.2641102075576782,0.6452957987785339,0.961695713127466,-0.06712443,1.2522284984588623,0.11519884318113327
20220711_174632,0.9697998269119377,1.265621542930603,0.6463420391082764,0.9629599506626452,-0.067199856,1.2537424564361572,0.11522821336984634
20220711_174632,0.971072237299181,1.267181396484375,0.6473769545555115,0.9642358683346581,-0.06724004,1.2553116083145142,0.11526265740394592
20220711_174632,0.9723372161633481,1.2687158584594727,0.6483874320983887,0.9655078583212107,-0.06725162,1.2568588256835938,0.1152682974934578
20220711_174632,0.9735780533289718,1.2702746391296387,0.6493438482284546,0.9667570628574524,-0.06724496,1.2584245204925537,0.11528629809617996
20220711_174633,0.9748406227519806,1.2717901468276978,0.6503463983535767,0.9680245271103834,-0.067268655,1.2599434852600098,0.11533866822719574
20220711_174633,0.976093987185592,1.2733268737792969,0.6514089107513428,0.9692784084783013,-0.06735157,1.2614744901657104,0.115329310297966
20220711_174633,0.9773291390618883,1.2748703956604004,0.6524673700332642,0.9705125072632069,-0.067436,1.2630082368850708,0.11533226817846298
20220711_174633,0.9785711791622627,1.276374101638794,0.6534650921821594,0.9717561486378816,-0.06749799,1.2645150423049927,0.11537055671215057
20220711_174634,0.9798160580359399,1.277875542640686,0.6544393301010132,0.9730065900109764,-0.06752338,1.266025424003601,0.11540179699659348
20220711_174634,0.9810632868312803,1.2794899940490723,0.655505359172821,0.9742601380826331,-0.06756252,1.26764976978302,0.11533772200345993
20220711_174634,0.9823495656459179,1.280996561050415,0.656484067440033,0.9755561233810465,-0.06750702,1.2691775560379028,0.11549540609121323
20220711_174634,0.9836492302625867,1.2825086116790771,0.6575559377670288,0.9768643989811714,-0.0674834,1.270699143409729,0.11554393172264099
20220711_174635,0.9848711239867248,1.283988356590271,0.6585581302642822,0.9780905524630071,-0.06749784,1.2721765041351318,0.11552193760871887
20220711_174635,0.9861058409334181,1.2855266332626343,0.659507155418396,0.9793298228625629,-0.06751892,1.2737168073654175,0.11551262438297272
20220711_174635,0.9873470079908637,1.2870888710021973,0.6605610847473145,0.9805738164382265,-0.06758671,1.2752729654312134,0.11549178510904312
20220711_174635,0.9885863291357356,1.2886590957641602,0.6615500450134277,0.9818165830510172,-0.067645386,1.2768464088439941,0.11552120745182037
20220711_174635,0.9898326237087971,1.2901583909988403,0.6625173687934875,0.9830677072576394,-0.067676,1.2783483266830444,0.11546707153320312
20220711_174636,0.9910885487106117,1.2918119430541992,0.663486123085022,0.9843291561805496,-0.06771521,1.2800124883651733,0.11546148359775543
20220711_174636,0.9923066076031304,1.2933968305587769,0.6645203828811646,0.9855513016736709,-0.06776172,1.2816108465194702,0.11547774076461792
20220711_174636,0.9934852735535766,1.294877052307129,0.6654016375541687,0.9867359981900151,-0.06778169,1.283110499382019,0.11541806906461716
20220711_174636,0.9946663147779671,1.296399474143982,0.6663082838058472,0.9879213073956115,-0.06779379,1.2846249341964722,0.1154494509100914
20220711_174636,0.9958850320732514,1.2978222370147705,0.6673188805580139,0.9891446599369883,-0.06781065,1.286049723625183,0.11555226892232895
20220711_174637,0.9971037624975232,1.299362301826477,0.668322741985321,0.9903752726351465,-0.06775296,1.2876110076904297,0.11562597751617432
20220711_174637,0.9982822351993754,1.3008406162261963,0.6692119836807251,0.9915574111565387,-0.0678199,1.289091944694519,0.1155690848827362
20220711_174637,0.9995349535325023,1.3023720979690552,0.6703029274940491,0.9928144184249292,-0.06784528,1.2906328439712524,0.1156608909368515
20220711_174637,1.0007574294321238,1.3037223815917969,0.6713072657585144,0.9940445380564079,-0.06784798,1.2919994592666626,0.11561798304319382
20220711_174638,1.0020058838510535,1.3051917552947998,0.6722494959831238,0.9953027092122045,-0.06779882,1.2934796810150146,0.11568264663219452
20220711_174638,1.003236381716718,1.3066632747650146,0.6733190417289734,0.9965389619630418,-0.06780629,1.2949615716934204,0.11571063846349716
20220711_174638,1.0044536210330468,1.3081129789352417,0.6742327213287354,0.9977632846833115,-0.06782331,1.2964333295822144,0.11567388474941254
20220711_174638,1.0056540922700126,1.3095606565475464,0.6751497983932495,0.9989696201222732,-0.067875184,1.297896146774292,0.11560680717229843
20220711_174638,1.0068556370230433,1.3109681606292725,0.676101565361023,1.0001712079734115,-0.067909144,1.2993085384368896,0.1156880334019661
20220711_174639,1.0080473924863775,1.3124091625213623,0.6770510077476501,1.001370941691969,-0.06792637,1.300756573677063,0.11565998941659927
20220711_174639,1.0092410589215395,1.3138693571090698,0.6780149936676025,1.0025742773288735,-0.0679189,1.3022313117980957,0.11565237492322922
20220711_174639,1.0104416824270852,1.3152861595153809,0.6790385842323303,1.0037787804833815,-0.067992985,1.3036580085754395,0.11558236926794052
20220711_174639,1.0116868439977778,1.316831111907959,0.6800869703292847,1.0050217226385734,-0.06813332,1.305197834968567,0.11551214009523392
20220711_174639,1.0128842855368116,1.3182755708694458,0.6810094714164734,1.0062254694975297,-0.06817403,1.3066486120224,0.11541789025068283
20220711_174640,1.01410709070658,1.3197933435440063,0.6819915175437927,1.0074516933916935,-0.06824706,1.3081750869750977,0.11532894521951675
20220711_174640,1.01526893252955,1.3212242126464844,0.6828960180282593,1.0086157709798476,-0.06825329,1.3096013069152832,0.11538928002119064
20220711_174640,1.0164524887916737,1.3226715326309204,0.6838415861129761,1.009798818285808,-0.06828824,1.311036229133606,0.11552848666906357
20220711_174640,1.017644219933904,1.3241854906082153,0.6847878098487854,1.0109899742863513,-0.06835453,1.3125354051589966,0.11557795852422714
20220711_174640,1.01883645224518,1.3255995512008667,0.6857984662055969,1.012179857937661,-0.06847397,1.313942313194275,0.11548006534576416
20220711_174641,1.0200221925181217,1.3270797729492188,0.6867784261703491,1.0133730325933294,-0.068506695,1.3154374361038208,0.11549212038516998
20220711_174641,1.0212250306306028,1.3285160064697266,0.6876274347305298,1.0145816404609136,-0.068499856,1.316894769668579,0.11554586887359619
20220711_174641,1.0224624951637553,1.3299920558929443,0.6886992454528809,1.015823192026158,-0.06856673,1.318367600440979,0.11547360569238663
20220711_174641,1.023685921815021,1.331560492515564,0.6896799206733704,1.017050109914735,-0.068584524,1.319931149482727,0.11547298729419708
20220711_174641,1.0248704472420862,1.3330405950546265,0.6905686259269714,1.018243719484881,-0.068588264,1.321426272392273,0.11542138457298279
20220711_174642,1.0260791030711025,1.334534764289856,0.6915266513824463,1.0194588446267006,-0.06858222,1.3229329586029053,0.11548707634210587
20220711_174642,1.0272706503611533,1.3359054327011108,0.69254070520401,1.0206542604489435,-0.06858668,1.3243099451065063,0.1155460774898529
20220711_174642,1.0284492172296613,1.3373324871063232,0.6935157775878906,1.0218393977004614,-0.06858157,1.3257423639297485,0.11554491519927979
20220711_174642,1.0296430656885294,1.338836669921875,0.6944611668586731,1.0230428754218988,-0.068512194,1.3272600173950195,0.11563483625650406
20220711_174642,1.0308071076612275,1.3403611183166504,0.6953494548797607,1.0242160892515983,-0.068448864,1.32880437374115,0.11579181253910065
20220711_174643,1.0319971269722048,1.3418139219284058,0.6963437795639038,1.025405133994002,-0.06852206,1.3302642107009888,0.11584156006574631
20220711_174643,1.0331879045464154,1.3431979417800903,0.697320818901062,1.026604704009299,-0.06845974,1.3316665887832642,0.11596650630235672
20220711_174643,1.0343766210292626,1.3445676565170288,0.6983106732368469,1.0277942050891207,-0.06848065,1.3330341577529907,0.11611615866422653
20220711_174643,1.0355093523970615,1.3460171222686768,0.6991980075836182,1.028931711712166,-0.06848231,1.3344844579696655,0.11618614196777344
20220711_174643,1.0366726351687614,1.3473937511444092,0.7001273036003113,1.0300954163753728,-0.068522744,1.3358603715896606,0.1161845251917839
20220711_174644,1.0378447542577645,1.348817229270935,0.701069176197052,1.0312675161798366,-0.06862267,1.337278962135315,0.11605643481016159
20220711_174644,1.0390026569080755,1.350151777267456,0.7019970417022705,1.0324297877543962,-0.06866598,1.3386194705963135,0.11606650054454803
20220711_174644,1.0401745520945274,1.3515167236328125,0.7029284834861755,1.033605694199275,-0.06868379,1.3399896621704102,0.11616569757461548
20220711_174644,1.0413075824507645,1.3528833389282227,0.7039588689804077,1.0347395934670098,-0.06876912,1.3413585424423218,0.11615783721208572
20220711_174645,1.0424845134492096,1.3543522357940674,0.7049657702445984,1.03592109839607,-0.06879739,1.3428301811218262,0.11617995798587799
20220711_174645,1.043666837303374,1.3557765483856201,0.7059187293052673,1.0371063935006024,-0.06883379,1.3442589044570923,0.11617390066385269
20220711_174645,1.0448182027100732,1.3571641445159912,0.7069038152694702,1.0382643059853998,-0.06886629,1.3456504344940186,0.11611349135637283
20220711_174645,1.0459913549467192,1.3586065769195557,0.7078657150268555,1.0394437385117985,-0.06888672,1.347118616104126,0.11615579575300217
20220711_174645,1.047157171680767,1.360103726387024,0.7087827920913696,1.0406160503327566,-0.06886529,1.348615288734436,0.11616960912942886
20220711_174646,1.0482983925938605,1.3615045547485352,0.7097251415252686,1.0417636757502262,-0.06884411,1.3500258922576904,0.11619754880666733
20220711_174646,1.04942998824291,1.3628590106964111,0.7107009291648865,1.0428989344332507,-0.06885661,1.3513892889022827,0.11629334092140198
20220711_174646,1.050585423127741,1.3642781972885132,0.7116096615791321,1.044059153861065,-0.06886085,1.3528223037719727,0.11635231971740723
20220711_174646,1.0517371059311342,1.3657374382019043,0.7124752998352051,1.045218235509316,-0.068833016,1.3542951345443726,0.1164153590798378
20220711_174646,1.052872469822939,1.3670974969863892,0.7133310437202454,1.046362345061104,-0.06877311,1.3556718826293945,0.11653950065374374
20220711_174647,1.0540003592075597,1.3685308694839478,0.7141592502593994,1.0474974784299844,-0.06873605,1.3571152687072754,0.11659105867147446
20220711_174647,1.0551470668975236,1.3699944019317627,0.715057909488678,1.0486473708749657,-0.06874197,1.3585889339447021,0.11664104461669922
20220711_174647,1.056294497160479,1.3713593482971191,0.7159906625747681,1.0497994323583193,-0.06877003,1.3599669933319092,0.11659765988588333
20220711_174647,1.0574288615688008,1.3727216720581055,0.716863214969635,1.0509388896729097,-0.06877402,1.3613353967666626,0.11659671366214752
20220711_174647,1.0585607645026218,1.3740758895874023,0.7177869081497192,1.052076098815419,-0.06875902,1.3626898527145386,0.11670476198196411
20220711_174647,1.059672650114626,1.375414252281189,0.7187114357948303,1.0531908161453623,-0.06878014,1.3640289306640625,0.11670683324337006
20220711_174648,1.0607799564203932,1.3767948150634766,0.7195562124252319,1.054298818167019,-0.06883403,1.3654040098190308,0.11668246984481812
20220711_174648,1.0619049790847515,1.3781548738479614,0.7204318046569824,1.0554294055533644,-0.06882686,1.366774559020996,0.116722971200943
20220711_174648,1.0630340158279732,1.3795826435089111,0.7214148640632629,1.0565658272724403,-0.06879245,1.3682241439819336,0.11677096039056778
20220711_174648,1.064157772271901,1.3809683322906494,0.7223019003868103,1.057692554904134,-0.06882346,1.3696173429489136,0.11671934276819229
20220711_174648,1.0652700036906995,1.3823587894439697,0.7230914831161499,1.058806663595168,-0.06887741,1.3710070848464966,0.11664087325334549
20220711_174648,1.0663690196347415,1.383772373199463,0.724033534526825,1.0599069956527616,-0.068946026,1.3724192380905151,0.11659364402294159
20220711_174648,1.0674824316460723,1.3850784301757812,0.7249704003334045,1.0610287893749772,-0.06891188,1.3737398386001587,0.11664346605539322
20220711_174649,1.0685994118667745,1.3863778114318848,0.7257914543151855,1.0621516576791672,-0.06888863,1.3750441074371338,0.116693414747715
20220711_174649,1.069670704227865,1.3877556324005127,0.7267014384269714,1.0632197470188534,-0.06900375,1.3764052391052246,0.11655976623296738
20220711_174649,1.0707723279998995,1.3890635967254639,0.7275483012199402,1.0643241553085583,-0.069013715,1.3777201175689697,0.1166088730096817
20220711_174650,1.071838239979951,1.390334963798523,0.7283835411071777,1.0653957379197603,-0.06902006,1.3790026903152466,0.11658759415149689
20220711_174650,1.0729089070799152,1.3916277885437012,0.729289710521698,1.0664691327247573,-0.0690379,1.3802947998046875,0.11660493910312653
20220711_174650,1.0740080320956955,1.3929327726364136,0.730233371257782,1.0675688280575537,-0.069101185,1.3815993070602417,0.11661673337221146
20220711_174650,1.0750873618764816,1.39425528049469,0.7310922741889954,1.0686522475088058,-0.069097176,1.3829270601272583,0.11663994938135147
20220711_174650,1.0761941081024986,1.3955786228179932,0.731988787651062,1.0697631628158732,-0.06910542,1.3842605352401733,0.11664026975631714
20220711_174650,1.077320776145373,1.396784782409668,0.7328327298164368,1.0708952883073597,-0.06910075,1.3854808807373047,0.11665111780166626
20220711_174651,1.0784171936264668,1.3980671167373657,0.7337274551391602,1.0719939069144595,-0.06912355,1.3867783546447754,0.11657484620809555
20220711_174651,1.0795571567085955,1.3994032144546509,0.7346351742744446,1.073136341990973,-0.06915692,1.388132929801941,0.11652985960245132
20220711_174651,1.0811169284741793,1.4011508226394653,0.7359609007835388,1.0747012782308336,-0.06916983,1.3898866176605225,0.11659841984510422
20220711_174651,1.08331703612889,1.403522253036499,0.7380417585372925,1.0769038895976948,-0.069300435,1.3922576904296875,0.11655533313751221
20220711_174651,1.0866410965424842,1.406853199005127,0.7412052154541016,1.0802337102311894,-0.06948123,1.395582675933838,0.11652558296918869
20220711_174651,1.0901969565182252,1.4104197025299072,0.7446509003639221,1.083800663653817,-0.06963617,1.3991678953170776,0.11646292358636856
20220711_174652,1.0937082750406255,1.4138118028640747,0.7481068968772888,1.0873283077556557,-0.06968422,1.402592420578003,0.11656096577644348
20220711_174652,1.097182901300966,1.4172706604003906,0.7514188289642334,1.090818612589956,-0.069707796,1.4060735702514648,0.11671315133571625
20220711_174652,1.1006849819117863,1.420756459236145,0.7547407150268555,1.0943386922073655,-0.069718026,1.409579873085022,0.11682546138763428
20220711_174652,1.1041837924829494,1.4241679906845093,0.7580440640449524,1.0978529705855071,-0.06977258,1.4130131006240845,0.1169486790895462
20220711_174652,1.1076662589417756,1.4275703430175781,0.761295735836029,1.1013504740651836,-0.069850706,1.4164321422576904,0.1170191615819931
20220711_174652,1.1111490956800325,1.4309515953063965,0.7645910978317261,1.1048469068611362,-0.06990988,1.4198369979858398,0.11714018881320953
20220711_174653,1.1146093048390588,1.4343373775482178,0.7678940296173096,1.1083205747799036,-0.069962904,1.4232382774353027,0.11727630347013474
20220711_174653,1.118058070427689,1.437748908996582,0.7711853981018066,1.1117820491442891,-0.07003372,1.426669955253601,0.11735443025827408
20220711_174653,1.1214993232027872,1.4410697221755981,0.7744631767272949,1.1152397800285958,-0.07006741,1.4300227165222168,0.11742480844259262
20220711_174653,1.1249497465255733,1.4444602727890015,0.7776949405670166,1.1187069298189722,-0.07006062,1.4334439039230347,0.11758100986480713
20220711_174653,1.1283952323540596,1.447782278060913,0.7810111045837402,1.1221673014900067,-0.070087284,1.436787724494934,0.11767850071191788
20220711_174653,1.1318058699882008,1.4511653184890747,0.7843305468559265,1.125594510193634,-0.070109576,1.4401836395263672,0.11773965507745743
20220711_174654,1.135237344691628,1.454535722732544,0.7875911593437195,1.1290399191556568,-0.070159696,1.443565845489502,0.1178571879863739
20220711_174654,1.1386719741211517,1.4578955173492432,0.7908780574798584,1.1324877104506288,-0.07020869,1.4469326734542847,0.11795388162136078
20220711_174654,1.1421106865483903,1.4611854553222656,0.7941808700561523,1.1359396792085548,-0.0702494,1.4502387046813965,0.1180875226855278
20220711_174654,1.1455375531322805,1.4645190238952637,0.7975017428398132,1.1393790093173546,-0.0703094,1.4535855054855347,0.11820010095834732
20220711_174654,1.1489389915428214,1.4678796529769897,0.8007530570030212,1.142794452513659,-0.07035609,1.4569650888442993,0.11834300309419632
20220711_174654,1.152340296741883,1.471250057220459,0.8040300607681274,1.1462092536353135,-0.0704029,1.4603564739227295,0.11850442737340927
20220711_174655,1.1557456753775477,1.4745728969573975,0.8072407245635986,1.149627487083855,-0.07045595,1.4637017250061035,0.11862437427043915
20220711_174655,1.1591534055164434,1.4779032468795776,0.810475766658783,1.153048352448592,-0.07049791,1.467053771018982,0.11875160038471222
20220711_174655,1.1625542076203719,1.4812301397323608,0.8137320280075073,1.1564621200159024,-0.07054378,1.4704005718231201,0.11888895183801651
20220711_174655,1.1659493703899302,1.4845552444458008,0.8169791102409363,1.159869844025015,-0.07059835,1.473745346069336,0.1189766526222229
20220711_174655,1.1693501343127144,1.4878485202789307,0.8202283978462219,1.1632856732216152,-0.070631675,1.477068305015564,0.11910403519868851
20220711_174655,1.1727394092977887,1.4911092519760132,0.8234930634498596,1.1666910610055286,-0.07064494,1.480364203453064,0.11925677955150604
20220711_174655,1.1761300339653415,1.4943757057189941,0.8267813324928284,1.1700971261812445,-0.07065556,1.4836623668670654,0.11939137428998947
20220711_174656,1.179499473949628,1.497656226158142,0.8300111293792725,1.1734811541621566,-0.07066206,1.4869674444198608,0.11948294192552567
20220711_174656,1.1828720940212558,1.500927209854126,0.8332422971725464,1.1768673521131838,-0.07068649,1.490257978439331,0.11957394331693649
20220711_174656,1.1862378062347048,1.5042297840118408,0.8364135026931763,1.1802457801451471,-0.07072103,1.4935827255249023,0.11969631165266037
20220711_174656,1.1896003177595373,1.507449746131897,0.8395821452140808,1.1836233331515154,-0.07074615,1.4968355894088745,0.11976180970668793
20220711_174656,1.1929474258456463,1.51072096824646,0.842801570892334,1.1869864237405137,-0.07074609,1.500120997428894,0.11985510587692261
20220711_174656,1.1963011108294017,1.514023780822754,0.8460632562637329,1.1903552469314265,-0.070748426,1.503453254699707,0.12008983641862869
20220711_174657,1.1996852626413443,1.517332673072815,0.8492658734321594,1.1937527148982972,-0.07077178,1.506775975227356,0.12025042623281479
20220711_174657,1.2030628988529113,1.5206199884414673,0.8524782061576843,1.1971424876461576,-0.07082275,1.510095477104187,0.12026742100715637
20220711_174657,1.2064181104237983,1.5239120721817017,0.8557053208351135,1.2005122634082248,-0.070828885,1.5134116411209106,0.1203969195485115
20220711_174657,1.2097750685058701,1.527209758758545,0.858877420425415,1.2038848203585897,-0.070821986,1.5167361497879028,0.12053681910037994
20220711_174657,1.2131268953335912,1.5304864645004272,0.8620836734771729,1.207250835920327,-0.070816815,1.5200380086898804,0.12065047770738602
20220711_174657,1.216466692498976,1.5337196588516235,0.8653080463409424,1.2106051284275052,-0.070803106,1.5232867002487183,0.12074493616819382
20220711_174657,1.219830335751456,1.5369585752487183,0.8685134649276733,1.2139810415714476,-0.07082813,1.5265417098999023,0.1208929494023323
20220711_174658,1.2231843982638329,1.5402154922485352,0.8716984391212463,1.2173475369197646,-0.070857376,1.5298140048980713,0.12104229629039764
20220711_174658,1.2265104414497439,1.543441653251648,0.8749572038650513,1.2206867400937735,-0.070895575,1.5330603122711182,0.12109832465648651
20220711_174658,1.22982329714147,1.5467029809951782,0.8782145977020264,1.2240147475252643,-0.070907466,1.536344289779663,0.12120778113603592
20220711_174658,1.2331181933460547,1.5498989820480347,0.881345272064209,1.2273236250796151,-0.07090968,1.5395649671554565,0.12130007147789001
20220711_174658,1.2364034347989616,1.5531182289123535,0.8845815658569336,1.230622780379188,-0.070915155,1.542805790901184,0.12140770256519318
20220711_174658,1.23968626880192,1.5563390254974365,0.887722373008728,1.2339207450866252,-0.07091273,1.5460481643676758,0.12153884768486023
20220711_174659,1.2429699822582472,1.5595502853393555,0.8909589648246765,1.2372168532159544,-0.070923954,1.5492867231369019,0.12169422209262848
20220711_174659,1.2462291524804343,1.562831163406372,0.8940756916999817,1.2404917326365086,-0.0709247,1.5525944232940674,0.12180936336517334
20220711_174659,1.2495022240111646,1.5660837888717651,0.8972148895263672,1.2437775254371415,-0.07093287,1.5558698177337646,0.12198682874441147
20220711_174659,1.2527743731411103,1.569260597229004,0.900387704372406,1.2470630464354124,-0.070955895,1.5590674877166748,0.12209104001522064
20220711_174659,1.2560425562586606,1.5724951028823853,0.9035702347755432,1.2503462407394852,-0.07096866,1.5623213052749634,0.12215886265039444
20220711_174659,1.2593141107706534,1.5756680965423584,0.906723141670227,1.2536314014624104,-0.07098533,1.5655179023742676,0.12231358140707016
20220711_174700,1.2625843813058857,1.5787733793258667,0.9099527597427368,1.2569144118266333,-0.07100387,1.5686419010162354,0.12244946509599686
20220711_174700,1.2658431908150756,1.582000970840454,0.9131707549095154,1.2601862757815454,-0.07101784,1.5718903541564941,0.12257114052772522
20220711_174700,1.2690965871536697,1.5851606130599976,0.9163591861724854,1.263451645064651,-0.07104186,1.575068473815918,0.12272996455430984
20220711_174700,1.2723477405718617,1.5882776975631714,0.9195681214332581,1.2667145514435,-0.07107805,1.5782040357589722,0.12283117324113846
20220711_174700,1.2756006214662658,1.5914409160614014,0.9227669835090637,1.2699809043276076,-0.07110601,1.5813846588134766,0.12292550504207611
20220711_174700,1.2788428729199768,1.5945502519607544,0.9259079098701477,1.2732336053969269,-0.07114717,1.58451247215271,0.12308023124933243
20220711_174701,1.2820777666699001,1.5977107286453247,0.9290992021560669,1.2764795483417697,-0.071184315,1.5876948833465576,0.12316116690635681
20220711_174701,1.2853084061590296,1.6008777618408203,0.9322540163993835,1.2797215733703757,-0.07121412,1.590879201889038,0.1232486367225647
20220711_174701,1.288517880118907,1.603927493095398,0.9353616833686829,1.2829438065727683,-0.071222916,1.5939512252807617,0.12336853891611099
20220711_174701,1.291733700531934,1.6070895195007324,0.9384931921958923,1.286171271558851,-0.071235955,1.597133994102478,0.12352421879768372
20220711_174701,1.2949464231006858,1.6102585792541504,0.9415513873100281,1.28939369873921,-0.071268365,1.6003167629241943,0.1236339807510376
20220711_174701,1.2981627751294438,1.6134192943572998,0.9446854591369629,1.2926226613230836,-0.071280815,1.6034995317459106,0.1237577423453331
20220711_174701,1.3013771067922444,1.6165653467178345,0.9477939009666443,1.2958478758601766,-0.07130368,1.6066718101501465,0.1238456591963768
20220711_174702,1.3045719521202819,1.6196826696395874,0.9509586095809937,1.2990561452775464,-0.07132401,1.6098103523254395,0.12389100342988968
20220711_174702,1.3077709579763275,1.622856616973877,0.9540258646011353,1.302270471760513,-0.07131803,1.6130092144012451,0.12394959479570389
20220711_174702,1.3109794022841728,1.6259783506393433,0.9570859670639038,1.3054916550896893,-0.071321376,1.6161515712738037,0.12409188598394394
20220711_174702,1.3141710037599437,1.6290637254714966,0.9602243304252625,1.3086946305033185,-0.071343124,1.619264841079712,0.12419510632753372
20220711_174702,1.3173613834157025,1.6321104764938354,0.9633806943893433,1.3118969904739213,-0.071374975,1.622334361076355,0.1242862418293953
20220711_174702,1.320545761141982,1.6351633071899414,0.9665375351905823,1.3150924814222171,-0.071411714,1.6254048347473145,0.12439575791358948
20220711_174703,1.3237192321467892,1.638249158859253,0.9696266055107117,1.3182774646277715,-0.07143859,1.62851083278656,0.1245313212275505
20220711_174703,1.3268893901218093,1.641310691833496,0.972703754901886,1.3214597647181971,-0.07144492,1.63161039352417,0.12464708834886551
20220711_174703,1.330059737513696,1.644404649734497,0.9757623076438904,1.3246401781286288,-0.07147779,1.6347171068191528,0.12474250048398972
20220711_174703,1.333227162020407,1.6474608182907104,0.9788411855697632,1.32781616475083,-0.07152223,1.6377811431884766,0.12491531670093536
20220711_174703,1.336367428198849,1.6505053043365479,0.9819080233573914,1.3309654233534645,-0.0715716,1.640838623046875,0.12498652189970016
20220711_174703,1.3394915777545673,1.6535966396331787,0.9849951863288879,1.334100554675508,-0.07160494,1.6439491510391235,0.12509949505329132
20220711_174704,1.3426125980375851,1.6566377878189087,0.9880431294441223,1.3372338564542676,-0.07163235,1.6470012664794922,0.12517264485359192
20220711_174704,1.3457499431206712,1.6597037315368652,0.990967333316803,1.3403819298616757,-0.071652904,1.6500886678695679,0.1252596229314804
20220711_174704,1.348885309680512,1.6627850532531738,0.9939330220222473,1.3435287074334359,-0.07166955,1.6531956195831299,0.1253858059644699
20220711_174704,1.3520245686282677,1.6658825874328613,0.9969539642333984,1.3466787463040055,-0.07170734,1.6563141345977783,0.12546424567699432
20220711_174704,1.3551499929616606,1.6689780950546265,0.9999949932098389,1.349814378786692,-0.07173955,1.6594314575195312,0.12554557621479034
20220711_174704,1.3582577179912898,1.6720125675201416,1.0030046701431274,1.3529321370062355,-0.07176588,1.6624828577041626,0.12554888427257538
20220711_174705,1.3613712740305783,1.6750726699829102,1.0060338973999023,1.3560554848161799,-0.07179249,1.6655559539794922,0.1256559193134308
20220711_174705,1.3644867404903236,1.6780948638916016,1.0090714693069458,1.3591813766394736,-0.07181059,1.668593406677246,0.12579257786273956
20220711_174705,1.3675818540127878,1.6810925006866455,1.0121034383773804,1.3622861628091536,-0.07183696,1.6716042757034302,0.12588530778884888
20220711_174705,1.370672848083471,1.6841301918029785,1.015100359916687,1.3653868546545562,-0.07186087,1.6746556758880615,0.1260126382112503
20220711_174705,1.3737751934514906,1.687217116355896,1.0181055068969727,1.3684989182482985,-0.071880125,1.6777533292770386,0.12612953782081604
20220711_174705,1.3768800740238083,1.6902815103530884,1.021055817604065,1.3716144362050005,-0.07188942,1.6808322668075562,0.12624570727348328
20220711_174705,1.38000052248849,1.6933449506759644,1.0241066217422485,1.3747467980592658,-0.0718874,1.6839172840118408,0.12639641761779785
20220711_174706,1.3831083357765486,1.696336269378662,1.0271233320236206,1.3778659326249831,-0.07187947,1.6869285106658936,0.1265949159860611
20220711_174706,1.3862217630765268,1.699334979057312,1.0300679206848145,1.3809896877788959,-0.07189875,1.6899479627609253,0.12669938802719116
20220711_174706,1.3893350587608781,1.7023425102233887,1.0330510139465332,1.38411586447962,-0.07190356,1.692981481552124,0.12672679126262665
20220711_174706,1.3924258054997352,1.7052197456359863,1.0360628366470337,1.3872170862449067,-0.07191774,1.6958922147750854,0.12674717605113983
20220711_174706,1.3954910336272384,1.7082467079162598,1.0390045642852783,1.3902936926702583,-0.07191246,1.6989511251449585,0.1267394721508026
20220711_174706,1.3985731850267575,1.7112724781036377,1.0420196056365967,1.393384728170371,-0.07191671,1.701979637145996,0.12691670656204224
20220711_174707,1.4016450622689007,1.7142986059188843,1.0450133085250854,1.3964662312242881,-0.0719301,1.7050211429595947,0.1269800066947937
20220711_174707,1.4047190835268089,1.7172743082046509,1.0480729341506958,1.3995513042673133,-0.071948804,1.7080094814300537,0.1270672231912613
20220711_174707,1.4077871023336972,1.7202948331832886,1.051031231880188,1.4026277119980046,-0.07198039,1.7110432386398315,0.12718889117240906
20220711_174707,1.4108413435151814,1.7231603860855103,1.0540084838867188,1.4056919462357025,-0.071985826,1.7139300107955933,0.12725062668323517
20220711_174707,1.4138859124470473,1.7260669469833374,1.0569369792938232,1.4087478668239892,-0.07197311,1.7168574333190918,0.12731720507144928
20220711_174707,1.4169344715746048,1.7291103601455688,1.0599071979522705,1.4118090697974526,-0.071972765,1.7199262380599976,0.12735919654369354
20220711_174707,1.4199718619504929,1.7320789098739624,1.062859058380127,1.4148572307620617,-0.071985886,1.7229136228561401,0.12744256854057312
20220711_174708,1.4230063516649425,1.7350610494613647,1.0658200979232788,1.4179015455563042,-0.07201094,1.7259125709533691,0.12749361991882324
20220711_174708,1.4260417710855267,1.7380545139312744,1.06874418258667,1.4209467751905323,-0.07204388,1.728925347328186,0.12752538919448853
20220711_174708,1.4290766048509822,1.7410913705825806,1.0716334581375122,1.4239930236073477,-0.07206557,1.731978416442871,0.12756513059139252
20220711_174708,1.4321220941247796,1.7441065311431885,1.0746198892593384,1.4270485860425839,-0.07209993,1.735008716583252,0.1276271492242813
20220711_174708,1.4351565263523978,1.7471777200698853,1.0775026082992554,1.4300929073045465,-0.072127,1.7380969524383545,0.12769745290279388
20220711_174708,1.4381992926790301,1.7502312660217285,1.0804872512817383,1.433145552471392,-0.07214111,1.7411744594573975,0.12776191532611847
20220711_174709,1.4412535044253991,1.7532422542572021,1.0834704637527466,1.4362107456721982,-0.0721459,1.7442086935043335,0.1278330385684967
20220711_174709,1.4443055732979586,1.7563003301620483,1.0863796472549438,1.4392727545203459,-0.072148755,1.747290015220642,0.12788017094135284
20220711_174709,1.4473399952726256,1.759261965751648,1.0893043279647827,1.4423166783400496,-0.072150774,1.7502617835998535,0.12795069813728333
20220711_174709,1.4503634151973221,1.7622432708740234,1.092207670211792,1.445351346203203,-0.07214538,1.7532553672790527,0.128025084733963
20220711_174709,1.4533877603827339,1.7652080059051514,1.0950440168380737,1.448385124868132,-0.07216031,1.7562354803085327,0.12806712090969086
20220711_174709,1.4564011006261732,1.768233060836792,1.097923755645752,1.451408304249994,-0.07217594,1.7592833042144775,0.12814417481422424
20220711_174709,1.459409682214316,1.7711752653121948,1.1008388996124268,1.4544265743291804,-0.07219892,1.762246012687683,0.12823592126369476
20220711_174710,1.4624057514200868,1.7740838527679443,1.1037497520446777,1.457431249435907,-0.07222767,1.7651736736297607,0.128288134932518
20220711_174710,1.4654032740394647,1.777005910873413,1.1065031290054321,1.4604368981388502,-0.07223291,1.76810622215271,0.1283271610736847
20220711_174710,1.4684177303064923,1.7799204587936401,1.109426498413086,1.4634629472770861,-0.07222259,1.7710355520248413,0.12844282388687134
20220711_174710,1.471438670767037,1.782901406288147,1.1122655868530273,1.4664925297963103,-0.072206184,1.7740328311920166,0.12857522070407867
20220711_174710,1.4744316466634435,1.785801887512207,1.1150745153427124,1.4694951016444684,-0.07219655,1.7769463062286377,0.12866602838039398
20220711_174710,1.4774014758436302,1.7887094020843506,1.1178981065750122,1.4724720580360495,-0.07220846,1.7798693180084229,0.12877017259597778
20220711_174711,1.4803969033395772,1.7916444540023804,1.1207616329193115,1.475476322785804,-0.0722214,1.7828296422958374,0.12889447808265686
20220711_174711,1.4833680892542451,1.794572114944458,1.1235976219177246,1.4784548218629525,-0.07224363,1.7857673168182373,0.12892529368400574
20220711_174711,1.4863359061998307,1.7974730730056763,1.1264896392822266,1.4814314265386728,-0.07225599,1.788684368133545,0.12901781499385834
20220711_174711,1.489315598664203,1.8003919124603271,1.1293188333511353,1.4844191569655685,-0.07227773,1.7916185855865479,0.1290486454963684
20220711_174711,1.4922785386258273,1.8032867908477783,1.1321477890014648,1.487388408306174,-0.07230737,1.7945237159729004,0.12912824749946594
20220711_174712,1.4952321603793397,1.8061919212341309,1.1349769830703735,1.4903483566378517,-0.072350204,1.7974365949630737,0.12921638786792755
20220711_174712,1.498165680593846,1.8090649843215942,1.1377729177474976,1.4932876714935204,-0.072409675,1.8003190755844116,0.1292889565229416
20220711_174712,1.5010855707234905,1.81192946434021,1.1405565738677979,1.4962138448916096,-0.072471984,1.8031929731369019,0.12935729324817657
20220711_174712,1.504004700460604,1.8147956132888794,1.1434173583984375,1.4991401401579492,-0.07250352,1.806072473526001,0.1294483095407486
20220711_174712,1.5069147862732073,1.8176021575927734,1.146267294883728,1.5020588283913028,-0.072516255,1.8088945150375366,0.12952616810798645
20220711_174712,1.5098292799574091,1.8204761743545532,1.1491328477859497,1.504979862193472,-0.0725452,1.8117808103561401,0.12959834933280945
20220711_174712,1.51274738466045,1.823331594467163,1.1519485712051392,1.507904718789391,-0.0725694,1.8146486282348633,0.12970830500125885
20220711_174713,1.515677765276759,1.8261655569076538,1.1548337936401367,1.5108426311631735,-0.072587535,1.8174970149993896,0.12981772422790527
20220711_174713,1.5186139589671352,1.8290196657180786,1.157633662223816,1.513785859898741,-0.07258909,1.8203636407852173,0.12994326651096344
20220711_174713,1.5215370352888353,1.83189058303833,1.1604386568069458,1.5167176864200964,-0.07256445,1.8232556581497192,0.13010834157466888
20220711_174713,1.5244783002964424,1.834809422492981,1.1632353067398071,1.51966708753258,-0.07254685,1.8261998891830444,0.13025788962841034
20220711_174713,1.5274224670108099,1.8376861810684204,1.1660406589508057,1.5226180914582166,-0.07256799,1.82909095287323,0.13036701083183289
20220711_174714,1.530340655926699,1.8405752182006836,1.1688346862792969,1.5255455103020807,-0.072555386,1.831991195678711,0.13047167658805847
20220711_174714,1.533243022052137,1.84345281124115,1.1715433597564697,1.5284568825515366,-0.07254076,1.8348864316940308,0.13058163225650787
20220711_174714,1.53613436506739,1.8462694883346558,1.1743220090866089,1.5313521541921156,-0.07261468,1.8377074003219604,0.1306663304567337
20220711_174714,1.5390346220611852,1.8491275310516357,1.1770650148391724,1.5342566103622652,-0.07267929,1.8405663967132568,0.13074500858783722
20220711_174715,1.5419264252108513,1.8518866300582886,1.1798675060272217,1.5371550370722,-0.072750315,1.8433454036712646,0.1307629644870758
20220711_174715,1.5448222392144844,1.8547396659851074,1.1825509071350098,1.5400596043299464,-0.07274475,1.8462096452713013,0.1308777928352356
20220711_174715,1.5477310494395127,1.8576080799102783,1.1852972507476807,1.5429785525092954,-0.07271234,1.849097728729248,0.1309443712234497
20220711_174715,1.550655806813585,1.8604761362075806,1.1881104707717896,1.5459097562164517,-0.07272066,1.8519763946533203,0.13110175728797913
20220711_174715,1.5535639117249196,1.8633546829223633,1.1909229755401611,1.5488234581630256,-0.07273915,1.8548645973205566,0.13124117255210876
20220711_174715,1.5564631797350887,1.8662009239196777,1.1936815977096558,1.5517274956225902,-0.072758906,1.857715129852295,0.13138483464717865
20220711_174716,1.5593593256802936,1.8690348863601685,1.1964755058288574,1.5546284007272662,-0.072778195,1.860556960105896,0.13147836923599243
20220711_174716,1.5622621612959449,1.8718812465667725,1.1993346214294434,1.5575372355333283,-0.07282896,1.8634099960327148,0.13154110312461853
20220711_174716,1.565156265567792,1.8747190237045288,1.2021514177322388,1.560435962841979,-0.07290069,1.8662587404251099,0.1316937357187271
20220711_174716,1.5680405219725535,1.877545952796936,1.2048827409744263,1.563326334528401,-0.0729341,1.869093418121338,0.13181288540363312
20220711_174716,1.5709266485133788,1.8804138898849487,1.2075780630111694,1.5662163381945147,-0.072971374,1.8719654083251953,0.13193053007125854
20220711_174716,1.5737896842767196,1.8832104206085205,1.2103859186172485,1.5690854411773887,-0.07300736,1.874769926071167,0.13202045857906342
20220711_174717,1.5766451953690415,1.8859779834747314,1.2131640911102295,1.5719466990159643,-0.07306045,1.8775492906570435,0.13207823038101196
20220711_174717,1.5794998037464971,1.8887462615966797,1.2159547805786133,1.5748070199322655,-0.07309212,1.8803249597549438,0.13215859234333038
20220711_174717,1.582347607708683,1.8915241956710815,1.2186626195907593,1.577660848101167,-0.073119774,1.8831157684326172,0.13221006095409393
20220711_174717,1.5851802792811864,1.894313931465149,1.221334457397461,1.5805001634779505,-0.073159054,1.8859167098999023,0.1322723627090454
20220711_174717,1.5880322571093202,1.8971155881881714,1.223989725112915,1.583358488661006,-0.073161654,1.8887284994125366,0.13239338994026184
20220711_174717,1.5908861146441526,1.8998903036117554,1.2266559600830078,1.586218812053365,-0.07318756,1.891525149345398,0.13242539763450623
20220711_174717,1.593746934501468,1.902740716934204,1.2293866872787476,1.5890835911060746,-0.073231414,1.894384503364563,0.13253366947174072
20220711_174718,1.5965954426902913,1.9055485725402832,1.2321172952651978,1.5919365584365743,-0.07326703,1.89719820022583,0.13262774050235748
20220711_174718,1.599425168327595,1.9083178043365479,1.234850525856018,1.5947725237740722,-0.073290996,1.8999736309051514,0.13277314603328705
20220711_174718,1.602248784707565,1.9110883474349976,1.2376363277435303,1.597601947121154,-0.07332754,1.9027533531188965,0.13287632167339325
20220711_174718,1.60505440353703,1.9138365983963013,1.2403184175491333,1.600412337038862,-0.0733711,1.9055083990097046,0.13298846781253815
20220711_174718,1.6078590318386938,1.9165797233581543,1.243018627166748,1.6032219382977688,-0.073420666,1.9082605838775635,0.13306467235088348
20220711_174718,1.6106541127504261,1.9192842245101929,1.2457093000411987,1.606021879975845,-0.07346796,1.9109734296798706,0.1331222504377365
20220711_174718,1.613442787297798,1.9220019578933716,1.2484054565429688,1.6088153968709415,-0.073503084,1.9136998653411865,0.13324207067489624
20220711_174718,1.6162196259928825,1.924728512763977,1.2510915994644165,1.6115983369618767,-0.07352825,1.9164347648620605,0.13332778215408325
20220711_174719,1.6189852092129395,1.9274542331695557,1.2537741661071777,1.614370577281859,-0.073552296,1.9191707372665405,0.133391872048378
20220711_174719,1.6217691122253137,1.9301607608795166,1.2564107179641724,1.6171607723154295,-0.07355957,1.9218924045562744,0.13351240754127502
20220711_174719,1.62457120740212,1.9329066276550293,1.2590363025665283,1.619969531861519,-0.07356637,1.924659013748169,0.13359011709690094
20220711_174719,1.6273811385651729,1.9356679916381836,1.261806845664978,1.622786946689948,-0.073568724,1.9274309873580933,0.13365259766578674
20220711_174719,1.6301711182447527,1.9383870363235474,1.2646453380584717,1.6255847781986221,-0.073586576,1.9301624298095703,0.13373839855194092
20220711_174719,1.6329571373690674,1.9411085844039917,1.2673953771591187,1.6283760560474785,-0.07361718,1.9328924417495728,0.13386467099189758
20220711_174719,1.6357333673060612,1.943827509880066,1.2700395584106445,1.6311570669528572,-0.073673844,1.935621738433838,0.13393233716487885
20220711_174720,1.6384915617088738,1.946539282798767,1.2726348638534546,1.6339180334226082,-0.073744,1.9383368492126465,0.1339496523141861
20220711_174720,1.6412613246962426,1.9492790699005127,1.2751882076263428,1.6366931505420041,-0.07379235,1.9410837888717651,0.1339746117591858
20220711_174720,1.6440438554088648,1.9519453048706055,1.2778037786483765,1.639481479753285,-0.07379934,1.943764567375183,0.13412927091121674
20220711_174720,1.6468200582305066,1.954669713973999,1.2804694175720215,1.6422636062713494,-0.07379284,1.946496844291687,0.13430146872997284
20220711_174720,1.649580890417827,1.9573395252227783,1.2831752300262451,1.64503181505108,-0.07377032,1.9491791725158691,0.13443538546562195
20220711_174720,1.6523465709819605,1.9601082801818848,1.285828709602356,1.6478041242777293,-0.073771976,1.9519679546356201,0.13459986448287964
20220711_174720,1.6550969628449108,1.962829828262329,1.288366436958313,1.6505606405560236,-0.073766544,1.9547019004821777,0.1347513496875763
20220711_174720,1.6578449448119652,1.9655367136001587,1.2909927368164062,1.6533153112666836,-0.07373879,1.9574166536331177,0.13490048050880432
20220711_174721,1.6605693551405032,1.9682093858718872,1.2935798168182373,1.6560448221632638,-0.073751874,1.9600911140441895,0.13501650094985962
20220711_174721,1.663301019261318,1.9708727598190308,1.2962079048156738,1.6587813782081344,-0.07376516,1.9627623558044434,0.1351279467344284
20220711_174721,1.6660322652154957,1.973548173904419,1.2988511323928833,1.6615181402125416,-0.07377832,1.9654473066329956,0.1352405846118927
20220711_174721,1.6687511792750958,1.9761897325515747,1.301412582397461,1.664242532456896,-0.07381086,1.968100666999817,0.13529987633228302
20220711_174721,1.6714745191969256,1.978829026222229,1.3040952682495117,1.6669727849772662,-0.07383163,1.9707542657852173,0.13536614179611206
20220711_174721,1.6741965032707815,1.981492280960083,1.3067755699157715,1.6697013156412912,-0.07385021,1.9734288454055786,0.13545407354831696
20220711_174721,1.6769243225001527,1.9841605424880981,1.3093332052230835,1.6724353797971867,-0.073856905,1.9761101007461548,0.1356184035539627
20220711_174722,1.679657683113968,1.9868441820144653,1.3119605779647827,1.6751756001838056,-0.07385794,1.9788011312484741,0.13568800687789917
20220711_174722,1.6823835095959274,1.9895251989364624,1.3145487308502197,1.6779071760852646,-0.07387387,1.981493353843689,0.13571615517139435
20220711_174722,1.6850988612001887,1.9921830892562866,1.3171775341033936,1.6806278796838527,-0.073875464,1.984157919883728,0.13582344353199005
20220711_174722,1.6877988204189147,1.9947065114974976,1.3197814226150513,1.6833343383482189,-0.0738691,1.986696481704712,0.1359144002199173
20220711_174722,1.6905150374792572,1.9973653554916382,1.322392225265503,1.6860567139341194,-0.073876746,1.9893620014190674,0.13602207601070404
20220711_174722,1.693229624474127,2.000023126602173,1.3249671459197998,1.688776839771553,-0.07389939,1.9920287132263184,0.13605870306491852
20220711_174722,1.695945219926368,2.00258469581604,1.327551007270813,1.6914965079856434,-0.07392686,1.9946016073226929,0.13612575829029083
20220711_174722,1.698629877878479,2.005291700363159,1.3300282955169678,1.6941821186348123,-0.07403916,1.9973071813583374,0.13608138263225555
20220711_174723,1.701343843411458,2.007944345474243,1.3325387239456177,1.6968985333643798,-0.07411811,1.9999552965164185,0.13612286746501923
20220711_174723,1.7040236653297915,2.0105440616607666,1.3350955247879028,1.6995839981421044,-0.074137405,2.0025596618652344,0.13619576394557953
20220711_174723,1.706708317959499,2.013158082962036,1.3376309871673584,1.702273782821078,-0.07414119,2.005187511444092,0.13630931079387665
20220711_174723,1.7093753714512165,2.0158116817474365,1.3401167392730713,1.7049448980917608,-0.074171185,2.0078506469726562,0.13639697432518005
20220711_174723,1.7120323490667948,2.018462657928467,1.3426201343536377,1.707605638575173,-0.07424653,2.0105154514312744,0.1364315301179886
20220711_174723,1.7146808373418292,2.021087408065796,1.3451863527297974,1.7102572186924236,-0.074313216,2.0131399631500244,0.13651162385940552
20220711_174723,1.717326341960439,2.0237128734588623,1.347716212272644,1.712906646189329,-0.07435976,2.0157721042633057,0.13657766580581665
20220711_174724,1.7199853737377806,2.0263495445251465,1.3502411842346191,1.7155694690315908,-0.07442563,2.018415689468384,0.136556014418602
20220711_174724,1.7226394103587905,2.0289676189422607,1.3527661561965942,1.7182268016034723,-0.07448154,2.02103853225708,0.13662214577198029
20220711_174724,1.725319243413221,2.031642198562622,1.3552303314208984,1.7209088605538683,-0.074542224,2.023711681365967,0.13667508959770203
20220711_174724,1.7279873164135373,2.0342650413513184,1.3577287197113037,1.7235797129946768,-0.07461247,2.026340961456299,0.13676975667476654
20220711_174724,1.7306561277512655,2.0368616580963135,1.3602795600891113,1.7262506451135626,-0.07469941,2.028946876525879,0.13668860495090485
20220711_174724,1.7333034211996579,2.0394582748413086,1.362823724746704,1.7289025220695071,-0.074738525,2.031552314758301,0.1367315649986267
20220711_174724,1.7359259980188724,2.04209303855896,1.365273118019104,1.7315273327635308,-0.07484146,2.0341880321502686,0.13663050532341003
20220711_174725,1.7385936871330652,2.044736623764038,1.3678110837936401,1.7341999027057362,-0.07488583,2.03684401512146,0.13674485683441162
20220711_174725,1.7412484219871964,2.0473380088806152,1.3703644275665283,1.7368574820265623,-0.074954666,2.0394489765167236,0.13672776520252228
20220711_174725,1.743878153254159,2.049867868423462,1.3728382587432861,1.7394890351957621,-0.07503565,2.041987419128418,0.13670025765895844
20220711_174725,1.7464929386900554,2.052456855773926,1.3753042221069336,1.742106503369777,-0.07511858,2.0445895195007324,0.1366710364818573
20220711_174725,1.7490854773606013,2.0549795627593994,1.3777815103530884,1.744704964474908,-0.07513621,2.047119140625,0.13671548664569855
20220711_174725,1.7516995549398033,2.0575571060180664,1.3802762031555176,1.7473224809735004,-0.07520411,2.0497021675109863,0.13678358495235443
20220711_174726,1.7543442006574426,2.060157060623169,1.382764220237732,1.7499706443581253,-0.07521935,2.0522983074188232,0.13699913024902344
20220711_174726,1.7569649678219417,2.0626726150512695,1.3852787017822266,1.752592149921378,-0.07531568,2.0548064708709717,0.1370692402124405
20220711_174726,1.7595826420143135,2.0651299953460693,1.3877689838409424,1.7552076287881324,-0.075493485,2.057267665863037,0.13698333501815796
20220711_174726,1.7621996852517463,2.06770920753479,1.3902711868286133,1.757827517280173,-0.075540416,2.0598537921905518,0.13705503940582275
20220711_174726,1.7648006142684278,2.0702812671661377,1.3926724195480347,1.760432099344811,-0.07560223,2.06243634223938,0.1370035707950592
20220711_174726,1.767393695272057,2.0728566646575928,1.3951009511947632,1.7630261540883465,-0.07568245,2.0650112628936768,0.1370052546262741
20220711_174727,1.769963907448757,2.0753955841064453,1.3975193500518799,1.7655991395700135,-0.07575928,2.0675573348999023,0.1370151787996292
20220711_174727,1.7725293226063923,2.0779519081115723,1.3999813795089722,1.7681699861336808,-0.07577385,2.070124626159668,0.13710816204547882
20220711_174727,1.7751039114202323,2.080444574356079,1.402398943901062,1.7707488532123485,-0.07577555,2.0726218223571777,0.13721875846385956
20220711_174727,1.777658598532242,2.0829875469207764,1.4048196077346802,1.77330508963394,-0.07585308,2.075164794921875,0.1372777223587036
20220711_174727,1.780223941108898,2.0855584144592285,1.4072341918945312,1.7758756924753911,-0.07587645,2.077745199203491,0.13735349476337433
20220711_174727,1.7827903889329697,2.088094711303711,1.4096763134002686,1.7784464321330302,-0.07590196,2.080289840698242,0.13742458820343018
20220711_174727,1.7853489326498002,2.0906190872192383,1.4121673107147217,1.7810070977149937,-0.075968474,2.082817316055298,0.13751725852489471
20220711_174728,1.787919658281021,2.0931286811828613,1.4146153926849365,1.7835801389704184,-0.07602769,2.0853309631347656,0.1375642567873001
20220711_174728,1.7904724361002444,2.095628261566162,1.4170722961425781,1.7861362939157097,-0.07607022,2.087834596633911,0.13763979077339172
20220711_174728,1.7930381018055,2.0981690883636475,1.4195713996887207,1.788705674633944,-0.07611847,2.0903818607330322,0.13770902156829834
20220711_174728,1.7955950155913045,2.100653648376465,1.422003149986267,1.7912696531213317,-0.07612565,2.092883586883545,0.13775445520877838
20220711_174728,1.7981445912322154,2.103172540664673,1.424387812614441,1.7938227731073486,-0.07617191,2.0954041481018066,0.13778096437454224
20220711_174728,1.800719919681717,2.1056926250457764,1.4268279075622559,1.796402824314353,-0.076173365,2.097931385040283,0.13790962100028992
20220711_174729,1.8033051348163893,2.1082136631011963,1.4292844533920288,1.7989912573085691,-0.07625811,2.1004607677459717,0.1379210650920868
20220711_174729,1.8058732774769677,2.1107356548309326,1.4317878484725952,1.8015627223880668,-0.07628585,2.10298752784729,0.13795344531536102
20220711_174729,1.8084393224599105,2.1132490634918213,1.4342865943908691,1.8041341312809434,-0.07627883,2.1055123805999756,0.1379924714565277
20220711_174729,1.8109900113004713,2.1157405376434326,1.4367327690124512,1.8066912357119802,-0.07627779,2.1080169677734375,0.13804243505001068
20220711_174729,1.8135502210110985,2.118257999420166,1.4391415119171143,1.8092574666443288,-0.076276325,2.1105518341064453,0.1381312906742096
20220711_174729,1.8161105600349547,2.120722532272339,1.4415792226791382,1.811822000965476,-0.07627575,2.1130287647247314,0.13825707137584686
20220711_174730,1.8186548942086616,2.123244285583496,1.443903923034668,1.814371328882705,-0.076271884,2.115558385848999,0.13839514553546906
20220711_174730,1.8212007314482128,2.125728130340576,1.4463313817977905,1.8169231498325453,-0.07627515,2.118060827255249,0.13851331174373627
20220711_174730,1.82376652378841,2.1282124519348145,1.448768973350525,1.8194969009972157,-0.07625004,2.1205694675445557,0.13854269683361053
20220711_174730,1.826325453900473,2.1307384967803955,1.4512975215911865,1.8220609322543206,-0.07626656,2.1231091022491455,0.13871115446090698
20220711_174730,1.8288442752725984,2.133193254470825,1.4537043571472168,1.8245816362996523,-0.076347835,2.1255648136138916,0.13878923654556274
20220711_174730,1.8313709590091067,2.1357061862945557,1.4560927152633667,1.8271114696209367,-0.07639406,2.1280834674835205,0.13884888589382172
20220711_174730,1.833919878614352,2.138301134109497,1.4585554599761963,1.8296651483523219,-0.07641433,2.1306874752044678,0.13892421126365662
20220711_174731,1.8364486116478989,2.1407673358917236,1.46098792552948,1.8321976252908545,-0.076452814,2.133159875869751,0.13898111879825592
20220711_174731,1.8389733378477113,2.1432318687438965,1.4634208679199219,1.8347272242263968,-0.076473914,2.1356303691864014,0.1390281319618225
20220711_174731,1.8414952970794716,2.1457033157348633,1.4658700227737427,1.8372554710541005,-0.07649868,2.138113498687744,0.13905665278434753
20220711_174731,1.8440248484903932,2.1481523513793945,1.4682790040969849,1.839789294765744,-0.076502174,2.140577554702759,0.13909973204135895
20220711_174731,1.846554209471757,2.150587797164917,1.4707070589065552,1.8423211619546427,-0.07653449,2.143019914627075,0.1391727775335312
20220711_174731,1.8490816989104102,2.1530702114105225,1.4730007648468018,1.8448505291395954,-0.0765726,2.1455016136169434,0.139206200838089
20220711_174732,1.8515943145474656,2.1555187702178955,1.4753092527389526,1.8473651092552712,-0.07663437,2.147953987121582,0.1392328441143036
20220711_174732,1.854106094662128,2.1580071449279785,1.477618932723999,1.8498788774730568,-0.07668896,2.1504480838775635,0.13929127156734467
20220711_174732,1.8566090396581623,2.1605184078216553,1.479931354522705,1.8523831394678891,-0.076775014,2.1529624462127686,0.1393458992242813
20220711_174732,1.8590735181636715,2.162956953048706,1.4822708368301392,1.8548502769587296,-0.07684471,2.155400276184082,0.1392650604248047
20220711_174732,1.8615463736636522,2.165421724319458,1.484592080116272,1.8573241423361733,-0.07694009,2.157865285873413,0.13924607634544373
20220711_174732,1.864012865929451,2.167870283126831,1.4869931936264038,1.8597932015541465,-0.07699823,2.160315752029419,0.1392611563205719
20220711_174732,1.8664979804321227,2.170292854309082,1.4893401861190796,1.8622812592930027,-0.0770325,2.162742853164673,0.13933207094669342
20220711_174733,1.868980526062835,2.1727077960968018,1.491782546043396,1.864765815020896,-0.07710427,2.1651599407196045,0.1393478810787201
20220711_174733,1.8714566346778905,2.1751224994659424,1.4942106008529663,1.8672437636702692,-0.077188484,2.1675782203674316,0.13932453095912933
20220711_174733,1.8739097402656548,2.17755389213562,1.4965239763259888,1.869699603258107,-0.07724008,2.170012950897217,0.1394173502922058
20220711_174733,1.8763789338764167,2.179947853088379,1.4988609552383423,1.8721725101463664,-0.07726672,2.172414541244507,0.13953228294849396
20220711_174733,1.8788433946276966,2.182352304458618,1.5012065172195435,1.8746381571155069,-0.07733739,2.174821138381958,0.1395430564880371
20220711_174733,1.8813243252232221,2.1847872734069824,1.5035288333892822,1.8771234470362166,-0.07734889,2.1772620677948,0.13955336809158325
20220711_174733,1.8838015505453025,2.187196731567383,1.5059335231781006,1.879602638010804,-0.07739946,2.1796748638153076,0.1396523416042328
20220711_174734,1.8862746355831062,2.1896169185638428,1.5083638429641724,1.8820773134279745,-0.07747998,2.1821017265319824,0.13970904052257538
20220711_174734,1.8887291097719416,2.191993236541748,1.5107238292694092,1.8845348815048548,-0.0775323,2.1844873428344727,0.13970237970352173
20220711_174734,1.8911572715065867,2.1944162845611572,1.513032078742981,1.886964966866531,-0.077611215,2.1869115829467773,0.13969245553016663
20220711_174734,1.8936072328263767,2.1967456340789795,1.5154167413711548,1.8894172619207572,-0.07766411,2.1892457008361816,0.13976633548736572
20220711_174734,1.8960632858946358,2.199169397354126,1.5176892280578613,1.8918734763178946,-0.077754974,2.191669464111328,0.13978473842144012
20220711_174734,1.8985072520935444,2.201540231704712,1.5199737548828125,1.8943204836807865,-0.07778514,2.194046974182129,0.13988950848579407
20220711_174735,1.9009414533169982,2.2039387226104736,1.5223077535629272,1.8967590593989183,-0.07778574,2.1964521408081055,0.13998642563819885
20220711_174735,1.9033812859340717,2.2063698768615723,1.524632215499878,1.899203017661558,-0.077815704,2.1988911628723145,0.1400163471698761
20220711_174735,1.9058042276552631,2.208763837814331,1.5269132852554321,1.9016301596318756,-0.07784867,2.201292037963867,0.1400604099035263
20220711_174735,1.9082349114111603,2.2111759185791016,1.5292515754699707,1.9040654538006039,-0.07786266,2.203711986541748,0.14013640582561493
20220711_174735,1.9106492154487877,2.2135696411132812,1.5315934419631958,1.906483092269111,-0.07789325,2.206109046936035,0.1402091234922409
20220711_174735,1.9130574756639456,2.2159583568573,1.5339322090148926,1.9088928107029401,-0.07798309,2.2084975242614746,0.1402241438627243
20220711_174735,1.9154699894211682,2.21834397315979,1.5362772941589355,1.9113078251570688,-0.07803352,2.2108891010284424,0.1402786374092102
20220711_174736,1.9178772224553096,2.2207069396972656,1.538549542427063,1.9137177807271928,-0.07806271,2.2132554054260254,0.14038100838661194
20220711_174736,1.9202766669575209,2.223069429397583,1.5408462285995483,1.9161185874585482,-0.0781307,2.215618133544922,0.14040519297122955
20220711_174736,1.922677894955907,2.225416898727417,1.5431530475616455,1.918522650623568,-0.078176096,2.2179694175720215,0.14045783877372742
20220711_174736,1.9250641228409862,2.227745532989502,1.5454025268554688,1.9209116396330352,-0.07820776,2.2203030586242676,0.1405424326658249
20220711_174736,1.9274454646047792,2.2300829887390137,1.5476752519607544,1.9232958797382234,-0.07825792,2.2226457595825195,0.14057406783103943
20220711_174736,1.9298292841804319,2.232449531555176,1.5499540567398071,1.9256814677268266,-0.07831551,2.225015640258789,0.1406344324350357
20220711_174737,1.9322104833628002,2.234799861907959,1.5522524118423462,1.9280649146675728,-0.07837381,2.22737193107605,0.14067184925079346
20220711_174737,1.9345889226137134,2.237133741378784,1.554490327835083,1.9304464299352209,-0.078421056,2.229710817337036,0.14070945978164673
20220711_174737,1.9369807278989513,2.2394654750823975,1.5567659139633179,1.9328400425352437,-0.07848623,2.2320446968078613,0.14075104892253876
20220711_174737,1.939345558510631,2.241760492324829,1.5590260028839111,1.935206843604775,-0.07854874,2.2343456745147705,0.14076785743236542
20220711_174737,1.9417127932305622,2.24406361579895,1.5612643957138062,1.9375743243327939,-0.078648105,2.236649513244629,0.14077958464622498
20220711_174737,1.944072740276001,2.2463536262512207,1.5635517835617065,1.9399390813879165,-0.078652166,2.2389438152313232,0.1408601701259613
20220711_174737,1.9464303055315986,2.2486612796783447,1.5658419132232666,1.9422993716121393,-0.07869913,2.241258144378662,0.140880286693573
20220711_174738,1.9487857312597054,2.25099515914917,1.5680469274520874,1.944657009881186,-0.07876666,2.243598222732544,0.14088554680347443
20220711_174738,1.95115006105092,2.253312110900879,1.5702815055847168,1.9470250690325086,-0.078813165,2.2459232807159424,0.14090090990066528
20220711_174738,1.953511161962454,2.2556357383728027,1.572579264640808,1.94938859318292,-0.07884499,2.2482502460479736,0.1409839391708374
20220711_174738,1.9558515710562914,2.25797438621521,1.5748188495635986,1.9517326410983067,-0.078867204,2.2505948543548584,0.141066774725914
20220711_174738,1.9581821039305032,2.2602646350860596,1.5770034790039062,1.954064008030004,-0.07896419,2.2528843879699707,0.14106640219688416
20220711_174738,1.9605457941899285,2.262573480606079,1.5792874097824097,1.9564304022530192,-0.07902617,2.2551982402801514,0.14106358587741852
20220711_174739,1.962894805191939,2.264845848083496,1.581520915031433,1.95878340720094,-0.07905489,2.2574753761291504,0.14109359681606293
20220711_174739,1.9652487058791899,2.2671213150024414,1.5838172435760498,1.9611390575214773,-0.07908772,2.2597575187683105,0.14120478928089142
20220711_174739,1.9676088131790546,2.2694272994995117,1.5861127376556396,1.9635017203273517,-0.07911786,2.2620694637298584,0.14129513502120972
20220711_174739,1.9699481183066403,2.2717092037200928,1.5883229970932007,1.965841921429549,-0.07923695,2.2643542289733887,0.14121174812316895
20220711_174739,1.9722715827990742,2.2739768028259277,1.5905853509902954,1.9681690226472859,-0.07928687,2.2666330337524414,0.14120648801326752
20220711_174739,1.9746249277674053,2.2762656211853027,1.5928356647491455,1.9705273725078407,-0.07926459,2.268932342529297,0.141351580619812
20220711_174740,1.9769733990331115,2.2785181999206543,1.5951348543167114,1.9728799121034213,-0.07930122,2.2711873054504395,0.14142091572284698
20220711_174740,1.9793256320978017,2.2807223796844482,1.5973701477050781,1.975234742956726,-0.079336666,2.273397207260132,0.1414770483970642
20220711_174740,1.9816785829665517,2.283048391342163,1.5996298789978027,1.9775925771900473,-0.079306506,2.275730609893799,0.1415778398513794
20220711_174740,1.9840213648778826,2.285339593887329,1.601864218711853,1.9799394614902095,-0.079289965,2.278029680252075,0.14165456593036652
20220711_174740,1.9863670346087643,2.287660598754883,1.6041285991668701,1.982287170481133,-0.079345465,2.2803537845611572,0.14167526364326477
20220711_174740,1.9887031493571243,2.289949417114258,1.6064029932022095,1.984628611099171,-0.07934436,2.2826547622680664,0.1416744440793991
20220711_174740,1.991046741492486,2.292226552963257,1.6086472272872925,1.9869764474919416,-0.07935049,2.2849409580230713,0.14171187579631805
20220711_174741,1.9933910153615744,2.294565439224243,1.610925555229187,1.9893227007010377,-0.079398975,2.2872819900512695,0.1417699009180069
20220711_174741,1.9957291552782954,2.2968549728393555,1.613145112991333,1.9916627285772361,-0.0794413,2.2895729541778564,0.14183932542800903
20220711_174741,1.9980606779444934,2.299179792404175,1.6154224872589111,1.9939970444453725,-0.07948229,2.2919061183929443,0.14188168942928314
20220711_174741,2.0003721404498567,2.3014514446258545,1.6176756620407104,1.996311346310982,-0.07953895,2.294187307357788,0.14185605943202972
20220711_174741,2.0026789467647337,2.3037102222442627,1.6199244260787964,1.9986192837211871,-0.079628356,2.29644775390625,0.14185605943202972
20220711_174741,2.00500327966295,2.3059823513031006,1.6222145557403564,2.0009442950821574,-0.0797005,2.298718214035034,0.1419268250465393
20220711_174742,2.007321599807058,2.3082871437072754,1.6244314908981323,2.0032656475789565,-0.079750046,2.3010287284851074,0.14194253087043762
20220711_174742,2.0096574110450938,2.3105764389038086,1.6266475915908813,2.0056042891695984,-0.07979682,2.3033242225646973,0.14202003180980682
20220711_174742,2.01197000081938,2.3128397464752197,1.628908634185791,2.0079241020607768,-0.079755455,2.3056013584136963,0.14213335514068604
20220711_174742,2.0142624160596974,2.315075159072876,1.6311184167861938,2.0102173550813496,-0.079819545,2.307835578918457,0.14219452440738678
20220711_174742,2.0165485937882184,2.317310333251953,1.633298397064209,2.012505338339037,-0.07990449,2.3100762367248535,0.14217835664749146
20220711_174742,2.018832943420437,2.3195414543151855,1.6354440450668335,2.014795698311208,-0.07987096,2.3123183250427246,0.14226992428302765
20220711_174742,2.0211364401467984,2.3218023777008057,1.6376644372940063,2.017106121012983,-0.07980196,2.314591407775879,0.142499640583992
20220711_174743,2.023433143120623,2.324059009552002,1.639879584312439,2.0194030110543606,-0.07984678,2.3168506622314453,0.1426866054534912
20220711_174743,2.025735561291134,2.3263015747070312,1.6420868635177612,2.0217079555131217,-0.07987965,2.319103717803955,0.1427527815103531
20220711_174743,2.0280405681260993,2.3285317420959473,1.644313931465149,2.024018158693903,-0.079859436,2.3213400840759277,0.14282344281673431
20220711_174743,2.0303043618067202,2.3307113647460938,1.6464866399765015,2.026283864574997,-0.07990171,2.3235204219818115,0.14293302595615387
20220711_174743,2.032596248554668,2.3329362869262695,1.6486541032791138,2.0285784910633264,-0.07991488,2.325749397277832,0.14300359785556793
20220711_174743,2.034881129987762,2.3351428508758545,1.6508389711380005,2.030866644643527,-0.07992312,2.327960729598999,0.14310266077518463
20220711_174744,2.0371217179640118,2.337313175201416,1.6529514789581299,2.0331107667657107,-0.07992392,2.3301355838775635,0.14323672652244568
20220711_174744,2.0393772210595302,2.3394768238067627,1.6550517082214355,2.0353678409402307,-0.07997132,2.3323042392730713,0.1432795524597168
20220711_174744,2.0416395534530167,2.341670036315918,1.6571617126464844,2.037632211327721,-0.080009356,2.33450984954834,0.14335033297538757
20220711_174744,2.043903721311879,2.3439016342163086,1.6592764854431152,2.0398998844903664,-0.080050394,2.3367490768432617,0.14335539937019348
20220711_174744,2.0461779253646952,2.3461520671844482,1.661429524421692,2.0421784578532653,-0.080028206,2.3390092849731445,0.14347465336322784
20220711_174744,2.048464182329861,2.3484294414520264,1.6635682582855225,2.044466632286969,-0.08007228,2.341289758682251,0.1435064822435379
20220711_174744,2.0507440844774805,2.3506624698638916,1.6657687425613403,2.046745225207362,-0.080216065,2.343522787094116,0.1434055119752884
20220711_174745,2.052987872117332,2.352844715118408,1.6679186820983887,2.0489916673717192,-0.08026959,2.3457114696502686,0.14340437948703766
20220711_174745,2.0552491637722663,2.3550503253936768,1.6700836420059204,2.051258471542059,-0.08024773,2.3479292392730713,0.1434539258480072
20220711_174745,2.057499966823349,2.3572492599487305,1.6722149848937988,2.053511217329231,-0.08028783,2.3501293659210205,0.14351622760295868
20220711_174745,2.059721896815905,2.359433889389038,1.6743597984313965,2.0557341246194856,-0.080352575,2.352315664291382,0.1435680240392685
20220711_174745,2.0619742693595193,2.3616836071014404,1.676531195640564,2.0579907975525114,-0.08035956,2.3545734882354736,0.1436423808336258
20220711_174745,2.064203827384215,2.3638877868652344,1.678593397140503,2.0602225825789953,-0.08039255,2.356781482696533,0.1436946988105774
20220711_174746,2.066414463704354,2.3660595417022705,1.680692195892334,2.062434881147193,-0.08044113,2.358952760696411,0.14374852180480957
20220711_174746,2.068665905567656,2.3683013916015625,1.6827868223190308,2.0646894860410487,-0.08046909,2.3611984252929688,0.1438065767288208
20220711_174746,2.070901955278184,2.370525598526001,1.6849623918533325,2.0669278950092935,-0.08051013,2.363429546356201,0.1438445895910263
20220711_174746,2.0731155668991734,2.37270188331604,1.6870689392089844,2.0691452880032863,-0.080522746,2.3656132221221924,0.14389745891094208
20220711_174746,2.0752838939366707,2.374847888946533,1.6890947818756104,2.071314665743507,-0.0806062,2.3677573204040527,0.14386433362960815
20220711_174747,2.0774880929372475,2.3770034313201904,1.6912546157836914,2.0735203400091793,-0.08067173,2.3699188232421875,0.14380939304828644
20220711_174747,2.079689703698277,2.3791773319244385,1.6933653354644775,2.075724526118291,-0.08069608,2.372101306915283,0.14390990138053894
20220711_174747,2.0818880121675982,2.3813416957855225,1.6954905986785889,2.077925190610209,-0.0807484,2.3742687702178955,0.1439238041639328
20220711_174747,2.084092908019858,2.383512258529663,1.697566270828247,2.0801310090673035,-0.08083217,2.3764407634735107,0.1438715010881424
20220711_174747,2.0862851933193833,2.3856887817382812,1.6996785402297974,2.0823240622301076,-0.08092399,2.3786206245422363,0.14377041161060333
20220711_174747,2.088502068937497,2.3878941535949707,1.7017617225646973,2.084545033091497,-0.08089237,2.3808341026306152,0.14385059475898743
20220711_174748,2.090703669176962,2.390071392059326,1.7038325071334839,2.086750776508081,-0.08087202,2.3830180168151855,0.1439778208732605
20220711_174748,2.092877445711397,2.3921985626220703,1.7059645652770996,2.088923462724831,-0.081003286,2.3851418495178223,0.1439487487077713
20220711_174748,2.095069009114645,2.3943634033203125,1.7080632448196411,2.091116971547218,-0.08103632,2.387312889099121,0.14399635791778564
20220711_174748,2.0972791848435324,2.396533727645874,1.7102035284042358,2.093328851214085,-0.08108762,2.3894882202148438,0.14403757452964783
20220711_174748,2.0994843193852253,2.3987057209014893,1.712293028831482,2.0955362737097576,-0.081130005,2.3916709423065186,0.14408361911773682
20220711_174748,2.1016758615257483,2.4008383750915527,1.7144051790237427,2.0977315770518175,-0.08113002,2.393810987472534,0.1441640555858612
20220711_174749,2.103859242763006,2.402940511703491,1.716486930847168,2.099916573688388,-0.08116637,2.3959133625030518,0.14423701167106628
20220711_174749,2.106037540830728,2.40507173538208,1.7185555696487427,2.10209744406682,-0.08118784,2.3980493545532227,0.14428472518920898
20220711_174749,2.108231803672598,2.407212495803833,1.72068452835083,2.10429491545893,-0.08120098,2.4001970291137695,0.1443539559841156
20220711_174749,2.1104216932816278,2.4093525409698486,1.7227277755737305,2.1064870270229594,-0.0812341,2.402343273162842,0.14442236721515656
20220711_174749,2.1126149764497364,2.411468982696533,1.7248072624206543,2.1086815882359344,-0.081275865,2.4044694900512695,0.1444571167230606
20220711_174750,2.114786037442211,2.4136059284210205,1.7268728017807007,2.1108556589167704,-0.0813043,2.4066162109375,0.14450129866600037
20220711_174750,2.116980876488737,2.415806293487549,1.7289519309997559,2.1130539738235616,-0.08128999,2.408823251724243,0.1446143388748169
20220711_174750,2.1191626020873846,2.417903423309326,1.7310051918029785,2.115237594656086,-0.08133715,2.4109246730804443,0.14462286233901978
20220711_174750,2.1213247427870905,2.42000412940979,1.7330665588378906,2.1174007437184903,-0.08138748,2.4130327701568604,0.14469362795352936
20220711_174750,2.1235423511090246,2.422199249267578,1.735203742980957,2.119621499947139,-0.081380814,2.415235996246338,0.14486095309257507
20220711_174750,2.125748264503042,2.4243571758270264,1.7373263835906982,2.121829767241738,-0.08140412,2.4173972606658936,0.14494763314723969
20220711_174751,2.1278986357891916,2.426523208618164,1.7394050359725952,2.123981655742273,-0.081466116,2.4195656776428223,0.14495551586151123
20220711_174751,2.1300412987096977,2.4286720752716064,1.7414336204528809,2.1261270527421194,-0.08151244,2.42171573638916,0.14496755599975586
20220711_174751,2.132189828487379,2.430799722671509,1.743485689163208,2.128279722430708,-0.08150622,2.4238510131835938,0.14505746960639954
20220711_174751,2.134335605531819,2.432955265045166,1.745554804801941,2.1304277790928805,-0.081554405,2.426011323928833,0.14508049190044403
20220711_174751,2.1364767265328224,2.435032606124878,1.7476184368133545,2.1325693522881073,-0.08164496,2.428088426589966,0.1450662612915039
20220711_174751,2.1386410950933743,2.4371259212493896,1.7496975660324097,2.1347365235946234,-0.08167461,2.430185079574585,0.1451251059770584
20220711_174752,2.1407742101937197,2.439192056655884,1.7517825365066528,2.1368725028390387,-0.08170966,2.432255506515503,0.14515440165996552
20220711_174752,2.142915168026168,2.4412968158721924,1.7538414001464844,2.1390158270674764,-0.08174619,2.4343667030334473,0.1452278196811676
20220711_174752,2.145059206987122,2.443387985229492,1.7559576034545898,2.14116057747933,-0.08182751,2.4364585876464844,0.14523476362228394
20220711_174752,2.1472034015688566,2.4454774856567383,1.758113980293274,2.1433051176072286,-0.08189648,2.438546895980835,0.14528681337833405
20220711_174752,2.1493472953210757,2.4476375579833984,1.7602148056030273,2.145453277158838,-0.08187493,2.4407191276550293,0.14540567994117737
20220711_174753,2.1514807739097597,2.449756145477295,1.7623168230056763,2.1475892359967856,-0.08190488,2.4428441524505615,0.14546601474285126
20220711_174753,2.1536097780054897,2.4518983364105225,1.7643033266067505,2.1497227753289883,-0.08189267,2.4449996948242188,0.1455344557762146
20220711_174753,2.1557769636241226,2.454057216644287,1.7663624286651611,2.151892948515041,-0.08190221,2.4471635818481445,0.14566533267498016
20220711_174753,2.1579001350473974,2.4561331272125244,1.7683144807815552,2.154018585764824,-0.081890024,2.4492430686950684,0.1457601636648178
20220711_174753,2.160049474137954,2.458296298980713,1.770363450050354,2.1561668911027283,-0.08197956,2.4514029026031494,0.14583155512809753
20220711_174754,2.162198873316883,2.4604053497314453,1.7724617719650269,2.158317439167067,-0.08201965,2.453509569168091,0.14598044753074646
20220711_174754,2.164288109077659,2.462451696395874,1.7744823694229126,2.1604059279443963,-0.08212823,2.4555563926696777,0.14594414830207825
20220711_174754,2.1664094115508004,2.4645488262176514,1.7765991687774658,2.162528524743043,-0.0821707,2.4576568603515625,0.1460370421409607
20220711_174754,2.168541429019288,2.466665506362915,1.7786498069763184,2.1646616471956546,-0.08219551,2.459780693054199,0.14619244635105133
20220711_174754,2.1706630845524764,2.4687037467956543,1.7806978225708008,2.1667875857281507,-0.08218012,2.46182918548584,0.14625099301338196
20220711_174755,2.172745868503431,2.470724582672119,1.7827298641204834,2.168872727483679,-0.082183115,2.463855504989624,0.14637473225593567
20220711_174755,2.1748408342102414,2.472717761993408,1.7846840620040894,2.1709697707888105,-0.08218138,2.465855836868286,0.146519273519516
20220711_174755,2.1769102560056552,2.474797487258911,1.786691665649414,2.173038039526769,-0.08227295,2.467923164367676,0.14653876423835754
20220711_174755,2.179012293974708,2.476846218109131,1.7886550426483154,2.1751414736248273,-0.082311444,2.4699745178222656,0.14654262363910675
20220711_174755,2.18113300132012,2.4789249897003174,1.7906814813613892,2.1772647341004663,-0.082338706,2.472064256668091,0.14657825231552124
20220711_174755,2.1832720220310233,2.48100209236145,1.7927221059799194,2.1794060849947363,-0.08236674,2.474148750305176,0.14662125706672668
20220711_174756,2.185404972471857,2.483091115951538,1.7947419881820679,2.1815396037616566,-0.08243547,2.4762394428253174,0.14664648473262787
20220711_174756,2.187511513900656,2.4851934909820557,1.7967209815979004,2.1836493252310203,-0.082459964,2.478341817855835,0.14672082662582397
20220711_174756,2.189634429539337,2.4874074459075928,1.7986699342727661,2.1857751419666904,-0.08246091,2.480565071105957,0.1467859297990799
20220711_174756,2.191759120981328,2.4895095825195312,1.8006900548934937,2.1879030866038645,-0.08245217,2.482672929763794,0.14694222807884216
20220711_174756,2.193897944649023,2.49157977104187,1.8027089834213257,2.1900442037019965,-0.08245793,2.484746217727661,0.14702539145946503
20220711_174757,2.19601372790908,2.493619918823242,1.8047163486480713,2.1921627746544834,-0.08248467,2.486790895462036,0.1470414251089096
20220711_174757,2.1981217995196354,2.4957263469696045,1.8066649436950684,2.194271909196518,-0.08252643,2.488896131515503,0.14710800349712372
20220711_174757,2.200255278982222,2.49782657623291,1.8086692094802856,2.196406758548902,-0.08254915,2.490999937057495,0.1471329629421234
20220711_174757,2.202341930258991,2.4998598098754883,1.8106569051742554,2.1984974464860962,-0.08253627,2.4930405616760254,0.1472223848104477
20220711_174757,2.2044258868094895,2.5018601417541504,1.8126840591430664,2.200584610595851,-0.08253333,2.4950501918792725,0.14730924367904663
20220711_174757,2.2064924474178174,2.5038771629333496,1.8146452903747559,2.2026522298302864,-0.08256751,2.497068166732788,0.14735834300518036
20220711_174757,2.2085748691352687,2.5059361457824707,1.8165903091430664,2.2047370931114023,-0.08257142,2.499131679534912,0.1474314033985138
20220711_174758,2.210647943608911,2.507995367050171,1.8185423612594604,2.206813265425818,-0.08254648,2.5011961460113525,0.14750485122203827
20220711_174758,2.212700572736225,2.5099949836730957,1.8204654455184937,2.2088676325906826,-0.08257959,2.503197193145752,0.14754906296730042
20220711_174758,2.2147179574516596,2.5120177268981934,1.8224599361419678,2.2108865359377927,-0.08261749,2.5052218437194824,0.1475643515586853
20220711_174758,2.2167717042710997,2.5139822959899902,1.824407935142517,2.2129409417619272,-0.08264931,2.507187843322754,0.14766578376293182
20220711_174758,2.218835460642787,2.516033887863159,1.8263592720031738,2.2150071587063427,-0.08265849,2.5092432498931885,0.14774903655052185
20220711_174758,2.220900850774426,2.5180985927581787,1.828308343887329,2.217074355979947,-0.08267512,2.51131010055542,0.14781911671161652
20220711_174758,2.2229657151110302,2.5200634002685547,1.8303130865097046,2.2191417841190346,-0.08270443,2.5132791996002197,0.14787855744361877
20220711_174758,2.2250171717415963,2.5220963954925537,1.8322936296463013,2.2211968700977085,-0.08270604,2.515320062637329,0.14790156483650208
20220711_174759,2.2270709197220384,2.5241050720214844,1.8342382907867432,2.2232549372718746,-0.082682654,2.5173380374908447,0.14793318510055542
20220711_174759,2.2291191038531357,2.5261077880859375,1.8362079858779907,2.2253069853751843,-0.0826671,2.519350528717041,0.14800313115119934
20220711_174759,2.2311721236059876,2.528169631958008,1.8381935358047485,2.227363939979639,-0.0826336,2.521423101425171,0.14810596406459808
20220711_174759,2.2332544072134826,2.530195713043213,1.8401825428009033,2.2294494718654936,-0.0826154,2.523456573486328,0.14820532500743866
20220711_174800,2.2353136409205714,2.532209873199463,1.8421798944473267,2.2315110605994337,-0.08262656,2.525477170944214,0.1482761651277542
20220711_174800,2.2374010678355516,2.5342636108398438,1.8441623449325562,2.2336011393060136,-0.08261139,2.5275328159332275,0.14844796061515808
20220711_174800,2.2394411979428024,2.536283254623413,1.8460842370986938,2.2356435907898207,-0.08260374,2.529557704925537,0.14861157536506653
20220711_174800,2.241486699872167,2.5383284091949463,1.8479965925216675,2.2376890123680346,-0.08264854,2.531599760055542,0.14873895049095154
20220711_174800,2.243505167114387,2.5403122901916504,1.8499425649642944,2.23971030251088,-0.08264672,2.5335867404937744,0.14884142577648163
20220711_174800,2.2455288892020855,2.5422964096069336,1.8519365787506104,2.241737124073718,-0.08265713,2.535576581954956,0.14891047775745392
20220711_174801,2.2475621602911136,2.544313669204712,1.8538596630096436,2.243772658994211,-0.08267423,2.5376017093658447,0.14894044399261475
20220711_174801,2.249597768600946,2.5463385581970215,1.8558388948440552,2.245810616567059,-0.08269698,2.53963041305542,0.1489875614643097
20220711_174801,2.2516226468403313,2.5483322143554688,1.8578522205352783,2.247837694728453,-0.08271302,2.5416266918182373,0.14904280006885529
20220711_174801,2.2536555387889194,2.5503029823303223,1.8598016500473022,2.24987248318704,-0.082738385,2.5436012744903564,0.14908771216869354
20220711_174801,2.255683238683058,2.5522704124450684,1.86179518699646,2.251902210377717,-0.08275404,2.5455727577209473,0.14913688600063324
20220711_174801,2.257716065836244,2.5542526245117188,1.8638100624084473,2.253936359547919,-0.08279503,2.547558307647705,0.14918719232082367
20220711_174802,2.259740303444179,2.5562057495117188,1.8657991886138916,2.255960141029069,-0.082897425,2.5495126247406006,0.1492120623588562
20220711_174802,2.2617588729436573,2.5581717491149902,1.867708683013916,2.2579800328858814,-0.08292568,2.5514819622039795,0.14927370846271515
20220711_174802,2.263780242674669,2.5601420402526855,1.869676947593689,2.2600014321436,-0.082997255,2.553455352783203,0.1492883414030075
20220711_174802,2.265796491338178,2.5621371269226074,1.871577262878418,2.262019471993908,-0.083019495,2.5554540157318115,0.1493690460920334
20220711_174802,2.267813268912522,2.5641045570373535,1.8734853267669678,2.264037827897005,-0.08305916,2.5574252605438232,0.14939182996749878
20220711_174803,2.269822918476915,2.5661110877990723,1.8753982782363892,2.266050122525907,-0.08308155,2.5594353675842285,0.1494302600622177
20220711_174803,2.271853950967298,2.568099021911621,1.8773611783981323,2.268082222639674,-0.08312144,2.561424970626831,0.1495172530412674
20220711_174803,2.273862982467377,2.570081949234009,1.8792871236801147,2.270092039531503,-0.08318065,2.563408613204956,0.14952580630779266
20220711_174803,2.275826449913526,2.5720081329345703,1.8812134265899658,2.272054592290599,-0.083277486,2.5653321743011475,0.14950206875801086
20220711_174803,2.2778128016429173,2.5739758014678955,1.8830865621566772,2.2740434687206506,-0.08329222,2.567302942276001,0.1495385318994522
20220711_174803,2.279809949313451,2.5759522914886475,1.8849543333053589,2.2760411488606516,-0.083338015,2.569279670715332,0.14953750371932983
20220711_174804,2.281794099019266,2.577951669692993,1.8868361711502075,2.278026541742055,-0.083387986,2.5712790489196777,0.14950574934482574
20220711_174804,2.283771018400452,2.5799081325531006,1.888782262802124,2.280005632272004,-0.08342988,2.5732362270355225,0.14947925508022308
20220711_174804,2.2857538347744515,2.5818703174591064,1.8906947374343872,2.2819904083769798,-0.083462685,2.575201988220215,0.14955832064151764
20220711_174804,2.287735511427535,2.583826780319214,1.892604947090149,2.283973645279114,-0.08350628,2.577165126800537,0.14957498013973236
20220711_174804,2.289708275408169,2.585789680480957,1.8944402933120728,2.285947853042219,-0.08355536,2.579129219055176,0.14958861470222473
20220711_174804,2.291699200826312,2.5877344608306885,1.8963242769241333,2.2879403983252615,-0.08359991,2.581078052520752,0.149601012468338
20220711_174804,2.293687472410948,2.5896811485290527,1.8982558250427246,2.289930577551512,-0.08360806,2.5830259323120117,0.14970850944519043
20220711_174805,2.2956420536165623,2.591582775115967,1.9001494646072388,2.291884954260536,-0.08368723,2.584926128387451,0.1497209668159485
20220711_174805,2.2976045256430155,2.593518018722534,1.902058720588684,2.2938480455375143,-0.083746575,2.5868637561798096,0.14973153173923492
20220711_174805,2.299563409119452,2.595452308654785,1.9039663076400757,2.295809200586457,-0.083749965,2.5888006687164307,0.14980722963809967
20220711_174805,2.3015245183400417,2.597320795059204,1.9058932065963745,2.2977731876058463,-0.083744064,2.59067440032959,0.14989206194877625
20220711_174805,2.303495319348417,2.599231481552124,1.9077503681182861,2.2997465320911847,-0.08374784,2.5925934314727783,0.14996929466724396
20220711_174806,2.3054662760739264,2.601145029067993,1.9096291065216064,2.301719766875967,-0.0837729,2.5945112705230713,0.1500099003314972
20220711_174806,2.3074562223493715,2.6030991077423096,1.9115318059921265,2.303710035974706,-0.08381426,2.5964653491973877,0.15006205439567566
20220711_174806,2.30944544419002,2.605025053024292,1.913464069366455,2.305700419491115,-0.08383766,2.5983948707580566,0.15015487372875214
20220711_174806,2.311425501852387,2.6069107055664062,1.915307641029358,2.3076827944047693,-0.083847106,2.6002862453460693,0.15023735165596008
20220711_174806,2.3133898008040576,2.608835220336914,1.9171664714813232,2.309648375419578,-0.083873205,2.602212429046631,0.1502804458141327
20220711_174806,2.315339624826285,2.6107804775238037,1.919042944908142,2.311599860699161,-0.08390759,2.604158878326416,0.15028372406959534
20220711_174807,2.3173153339973407,2.6126809120178223,1.9209586381912231,2.31357713748946,-0.0839435,2.606065034866333,0.15027591586112976
20220711_174807,2.31931475598169,2.6145853996276855,1.9228260517120361,2.315576599888167,-0.08399027,2.6079726219177246,0.15034717321395874
20220711_174807,2.3213112800842834,2.6165530681610107,1.9247039556503296,2.317574163412017,-0.0840333,2.6099367141723633,0.15040062367916107
20220711_174807,2.3232932041352963,2.618501901626587,1.9265693426132202,2.3195561390356128,-0.08409848,2.6118884086608887,0.15039578080177307
20220711_174807,2.3252577463879174,2.620436429977417,1.928428292274475,2.3215212105178185,-0.08414447,2.6138243675231934,0.1504620909690857
20220711_174807,2.327212533313305,2.6223676204681396,1.9303182363510132,2.323477768939745,-0.08416926,2.6157610416412354,0.15057365596294403
20220711_174807,2.329150537506754,2.624239444732666,1.9321603775024414,2.3254177908224047,-0.084170885,2.6176371574401855,0.15068864822387695
20220711_174808,2.3310822460271026,2.6261000633239746,1.9340039491653442,2.3273509766108225,-0.08418583,2.6195008754730225,0.15078184008598328
20220711_174808,2.3329998397969995,2.627960205078125,1.935788631439209,2.3292689314739485,-0.084227815,2.6213629245758057,0.1508406102657318
20220711_174808,2.3349252574666775,2.629850387573242,1.9376170635223389,2.3311954124311085,-0.08426751,2.6232540607452393,0.15091130137443542
20220711_174808,2.336835768061473,2.6317121982574463,1.9394816160202026,2.3331069834395906,-0.08429843,2.6251163482666016,0.15099400281906128
20220711_174808,2.3387603041011475,2.6335740089416504,1.941321611404419,2.3350324921769308,-0.08434349,2.62697696685791,0.1510198414325714
20220711_174809,2.340688552301013,2.6354873180389404,1.9431705474853516,2.336961513152416,-0.08440344,2.6288931369781494,0.1510753482580185
20220711_174809,2.342612327736123,2.6374096870422363,1.9450268745422363,2.338886483890614,-0.08446212,2.630816698074341,0.1510506123304367
20220711_174809,2.3445417143796616,2.639279365539551,1.9468399286270142,2.340816734521405,-0.08450183,2.6326844692230225,0.15108522772789001
20220711_174809,2.34646860908885,2.6411633491516113,1.9486747980117798,2.34274478298773,-0.08454469,2.6345725059509277,0.15110711753368378
20220711_174809,2.3484179526564657,2.643033027648926,1.9505659341812134,2.3446961803818334,-0.08456079,2.6364457607269287,0.1511632651090622
20220711_174809,2.3503547082754563,2.6449203491210938,1.9524091482162476,2.3466357376510487,-0.084576644,2.6383399963378906,0.151193305850029
20220711_174809,2.3522842057379787,2.64678955078125,1.9542745351791382,2.348567517815452,-0.08460416,2.640216112136841,0.15122078359127045
20220711_174809,2.3542026135045333,2.6486473083496094,1.9561285972595215,2.3504879688544382,-0.08462531,2.6420774459838867,0.15126796066761017
20220711_174810,2.356134583616167,2.6505167484283447,1.9579776525497437,2.352422409086467,-0.084629916,2.6439573764801025,0.15139934420585632
20220711_174810,2.358045181427011,2.652383804321289,1.9597665071487427,2.3543347389138956,-0.084647186,2.64582896232605,0.15142929553985596
20220711_174810,2.3599586927518246,2.6542696952819824,1.9615881443023682,2.3562528105505876,-0.08460561,2.647723913192749,0.15151812136173248
20220711_174810,2.36186391226051,2.6561362743377686,1.9633995294570923,2.358160452673814,-0.084597774,2.6495935916900635,0.15160951018333435
20220711_174810,2.363753256975932,2.657949209213257,1.9652220010757446,2.3600518333270473,-0.08460412,2.651412010192871,0.15162740647792816
20220711_174811,2.3656494483222863,2.6597907543182373,1.9670312404632568,2.361950267232058,-0.0846085,2.6532609462738037,0.15163911879062653
20220711_174811,2.367533106864955,2.661595344543457,1.9688260555267334,2.3638356942268914,-0.08462552,2.65507173538208,0.1517030894756317
20220711_174811,2.3693985078618267,2.663409471511841,1.9705923795700073,2.3657030521215576,-0.08463799,2.6568901538848877,0.15175579488277435
20220711_174811,2.371262801421204,2.6652228832244873,1.972365379333496,2.367568970186762,-0.084654056,2.6587073802948,0.15178877115249634
20220711_174811,2.373124720857836,2.667036771774292,1.974124789237976,2.369432441966426,-0.08468536,2.660522222518921,0.15183621644973755
20220711_174812,2.374980295648644,2.66884446144104,1.9759087562561035,2.371289803869182,-0.08471651,2.6623313426971436,0.15185247361660004
20220711_174812,2.3768598859734777,2.670661449432373,1.9777092933654785,2.3731749439547607,-0.08468276,2.6641600131988525,0.15190792083740234
20220711_174812,2.3787453710077737,2.672513008117676,1.9795280694961548,2.375065838811093,-0.08462185,2.666022777557373,0.15196552872657776
20220711_174812,2.3806162772137194,2.674323558807373,1.9813121557235718,2.376939802903934,-0.08457059,2.6678378582000732,0.15208344161510468
20220711_174812,2.382476540650416,2.676152229309082,1.983067512512207,2.378802565898102,-0.08457541,2.6696693897247314,0.15215498208999634
20220711_174812,2.3843275567813587,2.678034543991089,1.984804630279541,2.3806536260925064,-0.08464857,2.671552896499634,0.15215930342674255
20220711_174813,2.3861761187302664,2.679809808731079,1.9864823818206787,2.3825034429466254,-0.084666796,2.6733343601226807,0.1522674262523651
20220711_174813,2.388026794278644,2.681602716445923,1.9881452322006226,2.3843539227472434,-0.0847191,2.675128698348999,0.15232954919338226
20220711_174813,2.3898826561100726,2.683412551879883,1.9898533821105957,2.386212516103528,-0.08469816,2.676940679550171,0.1524052768945694
20220711_174813,2.3917242113248744,2.6852316856384277,1.9917064905166626,2.388057073300382,-0.08467717,2.6787655353546143,0.15257342159748077
20220711_174813,2.393577975116222,2.6870551109313965,1.9934393167495728,2.389914478590446,-0.08464068,2.680590867996216,0.15268217027187347
20220711_174814,2.395427208786788,2.6888813972473145,1.9952479600906372,2.39176627035988,-0.08464419,2.6824231147766113,0.15278638899326324
20220711_174814,2.397284318742839,2.690699815750122,1.997011661529541,2.3936272056591243,-0.08464064,2.6842548847198486,0.15283899009227753
20220711_174814,2.3991486864427762,2.6925957202911377,1.9987767934799194,2.3954950835183264,-0.08464433,2.6861588954925537,0.15290042757987976
20220711_174814,2.401027498765099,2.694453239440918,2.0005807876586914,2.39737791998662,-0.08462365,2.6880242824554443,0.15299376845359802
20220711_174814,2.4029112501800953,2.696291208267212,2.002427101135254,2.3992637015478615,-0.08463964,2.689866304397583,0.15308421850204468
20220711_174814,2.4047831010751257,2.6981520652770996,2.004157304763794,2.401138708383069,-0.08463778,2.691732406616211,0.15318945050239563
20220711_174815,2.406630407790268,2.6999518871307373,2.0059101581573486,2.402988059057721,-0.084649794,2.693537712097168,0.1532049924135208
20220711_174815,2.4084667974889724,2.7017953395843506,2.007608652114868,2.404827256876611,-0.084633015,2.695378541946411,0.15328434109687805
20220711_174815,2.4103358431255684,2.703627586364746,2.0093650817871094,2.4066983657758825,-0.08462311,2.6972153186798096,0.15339110791683197
20220711_174815,2.4121786329284647,2.7053918838500977,2.0111260414123535,2.4085436506631006,-0.084621735,2.698986291885376,0.1534513384103775
20220711_174815,2.414031692517543,2.7072176933288574,2.01293683052063,2.410397491469083,-0.084668264,2.7008094787597656,0.1534726768732071
20220711_174816,2.415877152810755,2.7090723514556885,2.0146868228912354,2.412244201200013,-0.08469007,2.7026665210723877,0.1535748541355133
20220711_174816,2.4177291019815472,2.7109267711639404,2.016444206237793,2.4140968143766313,-0.08473355,2.7045233249664307,0.1535937786102295
20220711_174816,2.419550792377694,2.712758779525757,2.0181450843811035,2.4159191755468683,-0.08478404,2.706357002258301,0.15360809862613678
20220711_174816,2.421371799283346,2.7145612239837646,2.0198779106140137,2.4177399608526464,-0.08485399,2.708159923553467,0.15361516177654266
20220711_174816,2.423205436680998,2.7163848876953125,2.021658420562744,2.419576498056601,-0.08485239,2.709994077682495,0.15369091928005219
20220711_174816,2.425055851696017,2.718212842941284,2.0234339237213135,2.421426627546325,-0.08493399,2.711825132369995,0.15368059277534485
20220711_174817,2.4268686988540833,2.7200186252593994,2.0251402854919434,2.4232408780873493,-0.08495558,2.7136332988739014,0.15373821556568146
20220711_174817,2.4286757212826853,2.7218127250671387,2.026876211166382,2.4250487192428873,-0.08500051,2.7154314517974854,0.15379446744918823
20220711_174817,2.430491598958808,2.7236123085021973,2.028590679168701,2.4268660247577984,-0.0850405,2.7172393798828125,0.15383386611938477
20220711_174817,2.4323290385149026,2.725409746170044,2.03037691116333,2.4287045743232385,-0.08505607,2.719041109085083,0.153925821185112
20220711_174817,2.4341398537993655,2.7272369861602783,2.032075881958008,2.4305168970461404,-0.08507497,2.7208712100982666,0.1539612114429474
20220711_174818,2.4359601332516148,2.7290427684783936,2.033754587173462,2.4323381761517515,-0.085071005,2.722677707672119,0.15404199063777924
20220711_174818,2.437763225760563,2.7308762073516846,2.0354464054107666,2.434142493442037,-0.08507878,2.724515914916992,0.1541065275669098
20220711_174818,2.4395726865944556,2.732633352279663,2.037125825881958,2.4359518033518155,-0.08513358,2.7262721061706543,0.15414565801620483
20220711_174818,2.441381332874858,2.7343883514404297,2.03886342048645,2.4377613629098227,-0.08516032,2.7280282974243164,0.15420806407928467
20220711_174818,2.443181983364704,2.736116886138916,2.04058837890625,2.4395654550004275,-0.085140534,2.7297630310058594,0.15428999066352844
20220711_174819,2.444995750384895,2.737863063812256,2.042329788208008,2.4413823430413815,-0.085134454,2.7315146923065186,0.154347226023674
20220711_174819,2.4468148489795007,2.7396786212921143,2.0440566539764404,2.4432036500194467,-0.08513321,2.733335256576538,0.15442723035812378
20220711_174819,2.4486306089711816,2.741462469100952,2.045836925506592,2.445020982720574,-0.08513972,2.735121488571167,0.15445351600646973
20220711_174819,2.4504201089355506,2.743229389190674,2.0475614070892334,2.4468120836332106,-0.085134715,2.736887216567993,0.15455305576324463
20220711_174819,2.4522115070299995,2.744994878768921,2.049299478530884,2.448606199742596,-0.08512454,2.7386558055877686,0.15462230145931244
20220711_174820,2.4540115689105333,2.7467546463012695,2.051055431365967,2.450409658420131,-0.08508604,2.7404236793518066,0.15473335981369019
20220711_174820,2.4558005971820056,2.7484934329986572,2.052774667739868,2.452201815762914,-0.085064374,2.7421672344207764,0.15481840074062347
20220711_174820,2.4575950972405365,2.7502434253692627,2.054534673690796,2.4539967661614255,-0.08512139,2.7439169883728027,0.15483474731445312
20220711_174820,2.4593697358589424,2.751934289932251,2.0562620162963867,2.4557735589320275,-0.08514265,2.745612382888794,0.15483064949512482
20220711_174820,2.461170535349756,2.753722906112671,2.0579946041107178,2.457575580704033,-0.085161485,2.747405529022217,0.15489418804645538
20220711_174821,2.4629630158477482,2.7554662227630615,2.059705972671509,2.4593680506513307,-0.085224636,2.7491493225097656,0.15490566194057465
20220711_174821,2.464741560471125,2.757232666015625,2.0614171028137207,2.4611471052792737,-0.085278116,2.7509186267852783,0.1549311876296997
20220711_174821,2.466545359790885,2.7590086460113525,2.0631794929504395,2.462954417143325,-0.085277684,2.7527010440826416,0.15493394434452057
20220711_174821,2.4683603661098426,2.7607717514038086,2.064913272857666,2.4647717370787507,-0.08526608,2.754469871520996,0.15508955717086792
20220711_174821,2.470153802409768,2.762558698654175,2.0666491985321045,2.466568812238879,-0.08525095,2.75626277923584,0.15511932969093323
20220711_174822,2.4719363781977863,2.7643048763275146,2.068330764770508,2.468352773512777,-0.08526667,2.758009433746338,0.1551474630832672
20220711_174822,2.4737070617656736,2.7660560607910156,2.070026159286499,2.470126436837858,-0.08527659,2.759767770767212,0.15517228841781616
20220711_174822,2.47549662613667,2.7678189277648926,2.071708917617798,2.471918209362635,-0.085287966,2.7615365982055664,0.15521293878555298
20220711_174822,2.477273152073411,2.76957106590271,2.073404550552368,2.4736963376033128,-0.08529555,2.763291835784912,0.15525156259536743
20220711_174822,2.479046625035598,2.7713117599487305,2.075136661529541,2.475472392817973,-0.08528207,2.7650392055511475,0.15530820190906525
20220711_174822,2.4808070805590403,2.7730154991149902,2.0768611431121826,2.477234854498192,-0.085270874,2.7667481899261475,0.15539628267288208
20220711_174823,2.4825719586238826,2.7747507095336914,2.078540325164795,2.47900124198512,-0.08528196,2.768486499786377,0.1555114984512329
20220711_174823,2.484316747870324,2.7764737606048584,2.0802268981933594,2.4807456224439735,-0.0853806,2.7702107429504395,0.15547128021717072
20220711_174823,2.48607236104016,2.7781543731689453,2.0819664001464844,2.4825013865099144,-0.08543359,2.7718899250030518,0.15544715523719788
20220711_174823,2.4877985341253135,2.7797913551330566,2.0835933685302734,2.4842273876211025,-0.0854807,2.773526430130005,0.155460387468338
20220711_174823,2.489565798394326,2.7815146446228027,2.0853168964385986,2.4859935206449344,-0.08555976,2.77524995803833,0.15547911822795868
20220711_174824,2.49131853009301,2.783212900161743,2.0869929790496826,2.4877480892148007,-0.085557394,2.776956081390381,0.15554387867450714
20220711_174824,2.4930659693759636,2.784909963607788,2.0887112617492676,2.4894974443702993,-0.085558295,2.7786552906036377,0.15559397637844086
20220711_174824,2.49480869068295,2.786614418029785,2.0904221534729004,2.491241114155242,-0.08560288,2.7803657054901123,0.15560102462768555
20220711_174824,2.4965192697012335,2.788278102874756,2.0920615196228027,2.4929529577740155,-0.085648544,2.7820334434509277,0.155594602227211
20220711_174825,2.49826059968904,2.7900068759918213,2.0937070846557617,2.494694623919694,-0.08569823,2.783766984939575,0.15561971068382263
20220711_174825,2.4999904078805355,2.7917256355285645,2.0953540802001953,2.4964263396116353,-0.08571803,2.7854912281036377,0.15561313927173615
20220711_174825,2.501732601259548,2.7934131622314453,2.0970561504364014,2.4981722209568984,-0.08569024,2.7871854305267334,0.1556900143623352
20220711_174825,2.5034902908076018,2.7951200008392334,2.0987634658813477,2.4999327763803025,-0.08566763,2.7888989448547363,0.15579406917095184
20220711_174825,2.505235017784556,2.7968547344207764,2.100435972213745,2.5016804134100674,-0.08566423,2.7906410694122314,0.15586452186107635
20220711_174825,2.5069720316907964,2.7985527515411377,2.102126359939575,2.503419795103539,-0.085671835,2.7923424243927,0.15594206750392914
20220711_174826,2.5087074771008098,2.8002820014953613,2.1037886142730713,2.505157562303812,-0.0856753,2.7940754890441895,0.1559896320104599
20220711_174826,2.5104341705569198,2.8019356727600098,2.1054608821868896,2.5068857222532195,-0.0856982,2.7957332134246826,0.15600702166557312
20220711_174826,2.512153900141891,2.803619861602783,2.107119083404541,2.5086069720765027,-0.08572799,2.7974209785461426,0.15604157745838165
20220711_174826,2.5138738598030312,2.805283784866333,2.1087639331817627,2.5103284098017484,-0.085729256,2.7990877628326416,0.15612009167671204
20220711_174826,2.5156182499106663,2.8069708347320557,2.1105010509490967,2.512075656422771,-0.08570384,2.8007805347442627,0.1562238186597824
20220711_174826,2.5173593596671533,2.8086726665496826,2.1121633052825928,2.5138188512141544,-0.08571953,2.8024864196777344,0.1562391072511673
20220711_174827,2.5190902597261102,2.810328960418701,2.1138405799865723,2.5155521177349236,-0.08571919,2.8041441440582275,0.15630146861076355
20220711_174827,2.520821567549181,2.812061071395874,2.115495204925537,2.5172876553483925,-0.08566944,2.8058865070343018,0.15643960237503052
20220711_174827,2.522545127556624,2.813750743865967,2.117143154144287,2.519013076362417,-0.08565256,2.807577610015869,0.15655459463596344
20220711_174827,2.52427276712107,2.815436363220215,2.118751287460327,2.5207419314773234,-0.085665695,2.809267044067383,0.15660540759563446
20220711_174827,2.5260060875689176,2.8171725273132324,2.120425224304199,2.5224794306807725,-0.08563043,2.811014413833618,0.1566448211669922
20220711_174827,2.527735573020869,2.8189003467559814,2.1220736503601074,2.5242112220095514,-0.0856221,2.8127496242523193,0.1567624807357788
20220711_174827,2.5294513867621804,2.8206000328063965,2.123670816421509,2.525929575965817,-0.08559802,2.8144514560699463,0.1568063199520111
20220711_174828,2.5311561708505215,2.822321891784668,2.125277280807495,2.5276366976144393,-0.08558463,2.816176176071167,0.15687786042690277
20220711_174828,2.5328638088680746,2.8240182399749756,2.126864194869995,2.529346292803722,-0.08557771,2.8178727626800537,0.15695981681346893
20220711_174828,2.5345550138570534,2.8256478309631348,2.128519058227539,2.531039138756188,-0.0855804,2.8195061683654785,0.15702593326568604
20220711_174828,2.536256835830951,2.8273375034332275,2.1301722526550293,2.5327448285085365,-0.08555212,2.8212032318115234,0.15708863735198975
20220711_174828,2.537935697605511,2.8290514945983887,2.1318483352661133,2.534425941330934,-0.08554575,2.822920322418213,0.15711365640163422
20220711_174829,2.539641605122645,2.8306825160980225,2.133476972579956,2.536135896379338,-0.085495174,2.824561357498169,0.15719269216060638
20220711_174829,2.541352349565105,2.8323616981506348,2.1351749897003174,2.5378486908428877,-0.08549054,2.8262429237365723,0.1572929173707962
20220711_174829,2.543077022669683,2.8340628147125244,2.1368465423583984,2.539575260559419,-0.085495554,2.8279495239257812,0.15734504163265228
20220711_174829,2.5447891120747066,2.835731029510498,2.138495683670044,2.5412896610577977,-0.085488565,2.829622745513916,0.1574132889509201
20220711_174829,2.5465060683227794,2.8374316692352295,2.1401305198669434,2.5430079354917194,-0.08549661,2.831324577331543,0.1575048863887787
20220711_174830,2.5482135590642017,2.839083671569824,2.1417484283447266,2.5447162977516427,-0.085528426,2.8329784870147705,0.15753428637981415
20220711_174830,2.549912994898351,2.8407676219940186,2.1434061527252197,2.546417652565174,-0.08553843,2.8346638679504395,0.15757490694522858
